Fx [N], Fy [N], Fz [N], Mx [Nm], My [Nm], Mz [Nm]
-0.462203, 0.48886, -6.90613, -0.311528, -0.703629, -0.164371
-0.52387, 0.495657, -7.07023, -0.37738, -0.790055, -0.124566
-0.596773, 0.50761, -7.33294, -0.463515, -0.944231, -0.085422
-0.628174, 0.505002, -7.46303, -0.505222, -1.14124, 0.020921
-0.630424, 0.489882, -7.50765, -0.413935, -1.28798, 0.234502
-0.65141, 0.489768, -7.5887, -0.392848, -1.41287, 0.2831
-0.674037, 0.501784, -7.75046, -0.478287, -1.4854, 0.261425
-0.690338, 0.528184, -7.89556, -0.605027, -1.45492, 0.19512
-0.697795, 0.550171, -7.95089, -0.699598, -1.32262, 0.096363
-0.735689, 0.517326, -8.04927, -0.588151, -1.15663, 0.005197
-0.799035, 0.45386, -8.19637, -0.38765, -1.11795, -0.049336
-0.86801, 0.407773, -8.1918, -0.191945, -1.06241, -0.070463
-0.972936, 0.376473, -8.31211, -0.088864, -1.04171, -0.083997
-1.107, 0.354924, -8.57119, -0.014642, -1.02601, -0.089245
-1.23212, 0.375971, -8.74181, -0.057456, -1.01126, -0.071737
-1.38929, 0.411127, -9.08172, -0.101818, -1.0198, -0.06467
-1.48269, 0.423891, -9.229, -0.080904, -0.951751, -0.000849
-1.61045, 0.427156, -9.44402, -0.015484, -1.02307, 0.070575
-1.72751, 0.429183, -9.79048, 0.021051, -1.19071, 0.116371
-1.80751, 0.458886, -9.9818, 0.014826, -1.43609, 0.178435
-1.89156, 0.493759, -10.199, -0.046179, -1.78083, 0.256111
-1.93968, 0.50302, -10.4301, -0.033835, -2.12093, 0.328354
-1.963, 0.523937, -10.5914, -0.110608, -2.48037, 0.390982
-2.01253, 0.589561, -10.8745, -0.336885, -2.80789, 0.44333
-1.99752, 0.637115, -10.9247, -0.520939, -2.97673, 0.477858
-2.02509, 0.69413, -11.1226, -0.71058, -3.09142, 0.480357
-2.04716, 0.695339, -11.2524, -0.75076, -3.12202, 0.441329
-2.04511, 0.660879, -11.261, -0.684968, -2.97979, 0.32802
-2.06655, 0.604094, -11.4625, -0.404953, -2.74276, 0.108396
-2.121, 0.56078, -11.6681, -0.222705, -2.66388, -0.02492
-2.22324, 0.533247, -12.0334, -0.079497, -2.70733, -0.022312
-2.27512, 0.585576, -12.137, -0.212749, -2.7199, 0.132868
-2.44875, 0.696409, -12.5737, -0.397116, -3.25795, 0.215985
-2.5151, 0.753275, -12.9757, -0.407766, -3.84777, 0.122247
-2.54895, 0.765034, -13.2827, -0.319339, -4.16937, 0.128935
-2.52419, 0.777416, -13.5469, -0.321715, -4.27052, 0.190538
-2.50865, 0.838448, -13.7499, -0.435278, -4.31522, 0.236277
-2.53062, 0.933338, -14.1593, -0.591244, -4.44414, 0.237497
-2.46854, 0.913746, -14.1779, -0.660259, -4.40604, 0.231376
-2.38936, 0.895868, -13.859, -0.838346, -4.33123, 0.219623
-2.32894, 0.911464, -13.7513, -1.0528, -4.27988, 0.143262
-2.34454, 0.936194, -13.776, -1.11844, -4.3573, 0.040437
-2.30895, 0.895028, -13.8013, -0.899265, -4.48238, 0.03116
-2.25336, 0.880404, -13.9686, -0.730064, -4.58651, 0.077487
-2.15401, 0.940577, -14.1931, -0.787379, -4.47913, 0.161198
-2.06297, 1.06934, -14.5927, -0.976617, -4.35019, 0.194844
-1.97014, 1.16162, -14.9123, -1.16052, -4.23471, 0.194521
-1.86364, 1.21125, -15.157, -1.33563, -4.10005, 0.12463
-1.78067, 1.25854, -15.207, -1.59996, -3.94088, 0.040576
-1.71478, 1.24827, -14.8732, -1.72775, -3.57834, -0.011744
-1.72883, 1.17775, -14.633, -1.55437, -3.31059, -0.091338
-1.75919, 1.03573, -14.3244, -1.20175, -3.10833, -0.139615
-1.80858, 0.91044, -13.8231, -0.872046, -2.97253, -0.128296
-1.91789, 0.866723, -13.7118, -0.678224, -3.02748, -0.159067
-2.0733, 0.886242, -14.1633, -0.558966, -3.27934, -0.233888
-2.20986, 0.93506, -14.5598, -0.60045, -3.64949, -0.343373
-2.2589, 1.04741, -14.8302, -0.898247, -4.05915, -0.334664
-2.29408, 1.19615, -14.9964, -1.19236, -4.47202, -0.169925
-2.26239, 1.31142, -15.2805, -1.34715, -4.67442, -0.142778
-2.06164, 1.34533, -15.4162, -1.33581, -4.48006, -0.051309
-1.79203, 1.39337, -15.4454, -1.4573, -4.10672, -0.006451
-1.4706, 1.47988, -15.5498, -1.67215, -3.66677, 0.044545
-1.138, 1.59531, -15.5246, -1.96249, -3.13794, 0.063311
-0.774456, 1.64341, -15.2039, -2.14607, -2.52536, 0.043633
-0.416973, 1.62583, -14.549, -2.1818, -1.91563, -0.012445
-0.104979, 1.58322, -13.8283, -2.10645, -1.38512, -0.0409
0.182316, 1.5467, -13.4458, -2.01883, -0.911555, -0.079378
0.440226, 1.48474, -12.9975, -1.7911, -0.489428, -0.092471
0.667002, 1.45867, -12.7163, -1.6987, -0.134991, -0.003781
0.847776, 1.49918, -12.6209, -1.7677, 0.113208, 0.086616
0.960274, 1.54462, -12.2742, -1.81783, 0.168368, 0.139105
1.06878, 1.57843, -12.2339, -1.87645, 0.221406, 0.0897
1.14136, 1.63517, -12.2465, -2.0053, 0.254557, 0.025225
1.19025, 1.6397, -12.1337, -2.07572, 0.305098, -0.037483
1.23409, 1.67439, -12.0922, -2.16127, 0.353733, -0.041565
1.23512, 1.67878, -11.8604, -2.20903, 0.409387, -0.014224
1.2405, 1.66119, -11.7603, -2.11647, 0.648794, -0.042576
1.25754, 1.65047, -11.7493, -2.05304, 1.08319, -0.065269
1.20626, 1.63906, -11.5267, -2.05851, 1.1263, -0.108575
1.16797, 1.64047, -11.4954, -2.11137, 1.13919, -0.143877
1.1001, 1.63848, -11.2312, -2.14367, 1.13183, -0.127731
1.02716, 1.57425, -10.9356, -1.92639, 1.08364, -0.19972
1.04768, 1.51246, -10.8022, -1.76657, 1.0786, -0.210678
0.970468, 1.47784, -10.7689, -1.74618, 0.991467, -0.277711
0.930209, 1.52051, -10.6871, -1.85926, 0.891748, -0.292437
0.893582, 1.54417, -10.7178, -1.90625, 0.798249, -0.316511
0.881523, 1.58386, -10.9239, -2.03376, 0.741179, -0.324288
0.870412, 1.62246, -11.0429, -2.10894, 0.697499, -0.320315
0.86422, 1.65753, -11.1338, -2.21564, 0.715911, -0.305777
0.847433, 1.67611, -11.1851, -2.31369, 0.785791, -0.241068
0.797607, 1.65178, -11.008, -2.25212, 0.813212, -0.180261
0.74777, 1.63036, -10.9245, -2.1826, 0.763502, -0.162967
0.677744, 1.59856, -10.9237, -2.0603, 0.683571, -0.169056
0.592509, 1.57661, -10.9872, -1.99242, 0.558503, -0.162943
0.498823, 1.61831, -11.3871, -2.00645, 0.397178, -0.144358
0.390455, 1.66369, -11.8113, -2.02974, 0.199525, -0.136738
0.293077, 1.71425, -12.0765, -2.04603, -0.002126, -0.126001
0.217066, 1.77304, -12.34, -2.10724, -0.199822, -0.118934
0.162881, 1.88597, -12.6927, -2.26245, -0.406409, -0.110502
0.157614, 1.99107, -12.8502, -2.53064, -0.717934, -0.090795
0.232138, 2.1009, -12.829, -2.84915, -0.716399, -0.048096
0.36309, 2.15972, -12.7573, -2.98785, -0.524963, -0.019818
0.51759, 2.1565, -12.6146, -2.92808, -0.290877, -0.00344
0.66575, 2.14508, -12.5081, -2.85379, -0.076923, 0.009529
0.769971, 2.12308, -12.2912, -2.77137, 0.051104, 0.076621
0.816912, 2.09007, -12.013, -2.73339, 0.130216, 0.087576
0.855121, 2.06173, -11.8777, -2.7045, 0.260532, 0.110392
0.846736, 2.0363, -11.6244, -2.8807, 0.511142, 0.049501
0.829339, 2.00553, -11.4833, -2.90365, 0.69849, -0.018312
0.77714, 1.99941, -11.4879, -2.87033, 0.73036, -0.057081
0.724151, 2.00235, -11.6326, -2.81241, 0.696129, -0.146474
0.677314, 2.01054, -11.9718, -2.76632, 0.618106, -0.205705
0.605758, 2.05998, -12.2589, -2.9031, 0.533397, -0.154774
0.498189, 2.08254, -12.3663, -2.98249, 0.407586, -0.10533
0.38337, 2.03754, -12.2522, -2.87165, 0.231641, -0.100506
0.210081, 1.98998, -12.1931, -2.77849, -0.0342, -0.133572
0.025835, 1.88465, -11.9863, -2.6049, -0.358564, -0.166553
-0.200754, 1.75472, -11.5952, -2.37027, -0.727652, -0.17493
-0.422079, 1.66869, -11.354, -2.21809, -1.12456, -0.201674
-0.616574, 1.63185, -11.3352, -2.13517, -1.46056, -0.237196
-0.699318, 1.59628, -11.2163, -1.94777, -1.684, -0.295453
-0.691255, 1.59601, -11.4234, -1.77937, -1.9919, -0.246965
-0.580748, 1.69347, -11.7472, -2.02099, -2.0297, -0.078894
-0.338754, 1.90115, -11.9808, -2.45191, -1.68983, 0.078253
-0.031684, 2.11412, -12.2069, -2.85279, -1.19071, 0.142854
0.392068, 2.26024, -12.2403, -3.0516, -0.578748, 0.077055
0.839556, 2.31317, -12.2677, -2.96663, -0.230887, 0.016037
1.21742, 2.29289, -11.9972, -2.79961, -0.181177, -0.013299
1.49865, 2.22402, -11.3914, -2.71382, -0.268782, -0.022433
1.71551, 2.19116, -10.9756, -2.79381, -0.023512, -0.010177
1.7982, 2.08707, -10.3661, -2.81155, -0.020981, -0.036155
1.78673, 1.98765, -9.82388, -2.83751, -0.028133, -0.111702
1.77136, 1.90576, -9.43636, -2.84549, 0.380621, -0.143819
1.73277, 1.78492, -9.10574, -2.56202, 0.934991, -0.159168
1.71075, 1.69427, -9.038, -2.29047, 1.33098, -0.139686
1.69256, 1.67748, -9.18523, -2.17415, 1.54146, -0.074757
1.69779, 1.69581, -9.53874, -2.0675, 1.66598, -0.044243
1.75088, 1.79445, -10.0795, -2.2015, 1.76509, -0.041281
1.72817, 1.86326, -10.2546, -2.38772, 1.82522, -0.083442
1.71534, 1.887, -10.3763, -2.41264, 1.88682, -0.106998
1.71225, 1.89494, -10.4806, -2.47977, 1.98502, -0.073769
1.60618, 1.85458, -10.28, -2.48809, 1.94508, -0.040367
1.4731, 1.78395, -10.0479, -2.42073, 1.85426, -0.062673
1.29549, 1.70495, -9.75782, -2.33295, 1.62403, -0.124037
1.09229, 1.61189, -9.51675, -2.15723, 1.32131, -0.152865
0.908308, 1.52285, -9.44702, -1.9829, 1.02758, -0.186405
0.715611, 1.46027, -9.43702, -1.88716, 0.753536, -0.174286
0.553946, 1.43207, -9.63283, -1.82222, 0.464981, -0.167131
0.414906, 1.43836, -9.99194, -1.81961, 0.228884, -0.146788
0.278281, 1.46629, -10.387, -1.88455, 0.014973, -0.096348
0.106621, 1.46398, -10.5683, -1.89142, -0.247245, -0.055209
-0.113001, 1.41394, -10.4175, -1.78845, -0.586159, -0.054557
-0.368532, 1.28171, -9.83568, -1.57649, -1.00849, -0.091056
-0.633805, 1.13461, -9.27024, -1.33455, -1.27283, -0.135458
-0.882811, 0.995732, -9.07283, -1.11265, -1.30296, -0.225082
-1.18001, 0.919776, -9.45441, -0.8944, -1.52233, -0.372173
-1.43673, 0.907601, -10.1505, -0.691103, -1.89383, -0.444918
-1.61904, 0.980647, -10.7635, -0.634633, -2.33182, -0.279138
-1.73664, 1.1264, -11.0946, -1.0079, -3.02089, -0.037941
-1.74951, 1.27388, -11.2882, -1.43603, -3.28599, 0.279588
-1.71134, 1.37822, -11.4219, -1.6923, -3.50799, 0.293109
-1.60153, 1.41911, -11.549, -1.70691, -3.58375, 0.132667
-1.38548, 1.35844, -11.506, -1.62248, -3.33734, 0.013167
-1.18796, 1.30455, -11.3386, -1.60011, -3.01323, -0.025338
-1.05385, 1.30255, -11.1164, -1.76789, -2.72765, -0.017424
-1.00802, 1.30944, -10.665, -1.90941, -2.45691, -0.036031
-0.970773, 1.24679, -10.153, -1.83211, -2.21205, -0.096417
-0.989771, 1.13875, -10.1493, -1.54896, -2.06806, -0.171372
-1.02543, 1.02525, -10.3847, -1.1837, -2.05771, -0.247592
-1.10193, 1.00302, -10.7718, -1.05272, -2.15829, -0.227121
-1.21202, 1.05886, -11.2113, -1.19443, -2.24195, -0.153875
-1.31749, 1.14221, -11.5797, -1.41466, -2.39243, -0.125646
-1.39265, 1.1535, -11.8004, -1.43454, -2.46828, -0.188862
-1.46057, 1.12889, -11.9502, -1.35963, -2.56943, -0.254981
-1.51345, 1.07601, -12.1268, -1.16373, -2.63859, -0.282224
-1.544, 1.05208, -12.1823, -1.02774, -2.72815, -0.282948
-1.56086, 1.03383, -12.2237, -1.00645, -2.93638, -0.267326
-1.56728, 1.05909, -12.1962, -1.16616, -3.30674, -0.207885
-1.5112, 1.0739, -12.1874, -1.23905, -3.43424, -0.163759
-1.39116, 1.11694, -12.191, -1.28446, -3.39981, -0.111684
-1.23424, 1.16182, -12.3558, -1.33504, -3.19764, -0.049963
-1.04146, 1.20945, -12.5695, -1.36497, -2.89005, -0.002442
-0.849077, 1.28526, -12.7311, -1.46822, -2.55453, 0.049185
-0.675558, 1.33263, -12.8971, -1.55476, -2.23403, 0.078182
-0.547086, 1.36293, -12.9127, -1.69122, -1.97535, 0.074052
-0.505538, 1.38677, -12.5058, -1.88866, -1.72906, 0.056353
-0.537894, 1.34024, -11.9888, -1.87209, -1.4868, -0.04375
-0.617896, 1.24085, -11.542, -1.59328, -1.49212, -0.121089
-0.689225, 1.10085, -11.1835, -1.27968, -1.57605, -0.205642
-0.845211, 1.00383, -11.374, -1.113, -1.82184, -0.256553
-0.987581, 0.974322, -11.7527, -0.992343, -1.9985, -0.23551
-1.12721, 1.00413, -11.9787, -1.07649, -2.16091, -0.182565
-1.26375, 1.11973, -12.4145, -1.26876, -2.39835, -0.117449
-1.32025, 1.18066, -12.6187, -1.26092, -2.71921, -0.086447
-1.35003, 1.22366, -12.7624, -1.24887, -3.05279, -0.053482
-1.31763, 1.24563, -12.9125, -1.29249, -3.12716, -0.008552
-1.24387, 1.27164, -12.8582, -1.34661, -3.08483, 0.018484
-1.1452, 1.28699, -12.7339, -1.41348, -2.97435, 0.026436
-1.03177, 1.27765, -12.444, -1.46728, -2.81484, -0.02497
-0.919346, 1.29197, -12.157, -1.54852, -2.65683, -0.020818
-0.840299, 1.35565, -12.0984, -1.69685, -2.51162, -0.042378
-0.76061, 1.39244, -11.9308, -1.73887, -2.39045, -0.073566
-0.655945, 1.38604, -11.8804, -1.61491, -2.22119, -0.067309
-0.563042, 1.37526, -12.0181, -1.51125, -2.02361, -0.012019
-0.508998, 1.40614, -12.1162, -1.50975, -1.87474, 0.033941
-0.483037, 1.45962, -12.2066, -1.63839, -1.7578, 0.084209
-0.487282, 1.47879, -12.1449, -1.72262, -1.60799, 0.081174
-0.494513, 1.4676, -12.0678, -1.83287, -1.3967, -0.032027
-0.551616, 1.45246, -11.9582, -1.8632, -1.45779, -0.089413
-0.631806, 1.41942, -11.7598, -1.80498, -1.55795, -0.160794
-0.739971, 1.36347, -11.7149, -1.6815, -1.71521, -0.191435
-0.831915, 1.3375, -11.7681, -1.61757, -1.83567, -0.17744
-0.930771, 1.34334, -11.9886, -1.58652, -1.99339, -0.164965
-1.01642, 1.40106, -12.3407, -1.63425, -2.13574, -0.155766
-1.0863, 1.4645, -12.6635, -1.70037, -2.3242, -0.099745
-1.12993, 1.52466, -12.8958, -1.72548, -2.62465, -0.057938
-1.13411, 1.54542, -12.9495, -1.74304, -2.76507, -0.031896
-1.12255, 1.57526, -13.1595, -1.7983, -2.83059, -0.048524
-1.09488, 1.60354, -13.2555, -1.91651, -2.84537, -0.081573
-1.08229, 1.64046, -13.2144, -2.12131, -2.84092, -0.086774
-1.04573, 1.65371, -13.2027, -2.24668, -2.73646, -0.0708
-1.03403, 1.65928, -13.0604, -2.3654, -2.5918, -0.067195
-1.03454, 1.65663, -13.1278, -2.37126, -2.4567, -0.097219
-1.04473, 1.64668, -13.1025, -2.28623, -2.36619, -0.143749
-1.06181, 1.62168, -13.157, -2.11687, -2.40039, -0.187053
-1.08524, 1.6283, -13.4364, -1.98306, -2.63098, -0.20837
-1.11324, 1.69603, -13.7083, -2.09215, -2.90456, -0.120723
-1.1147, 1.78632, -13.9715, -2.3629, -2.97696, -0.042236
-1.08536, 1.84094, -14.0986, -2.48441, -2.9207, -0.016001
-1.05827, 1.8695, -14.2725, -2.53146, -2.85172, -0.028752
-1.02235, 1.86098, -14.4273, -2.47752, -2.76229, -0.017933
-1.03414, 1.84319, -14.6442, -2.47426, -2.46606, 0.018388
-1.12719, 1.83623, -14.575, -2.5678, -2.35166, 0.062601
-1.25526, 1.77356, -14.1679, -2.44605, -2.4386, 0.027626
-1.40516, 1.66808, -14.0075, -2.28973, -2.53298, -0.072326
-1.56418, 1.567, -13.9731, -2.06021, -2.67357, -0.149771
-1.71055, 1.51099, -14.2797, -1.9613, -2.82174, -0.230715
-1.95434, 1.58431, -14.8789, -2.10402, -3.11173, -0.211597
-2.12542, 1.6273, -15.0394, -2.22171, -3.27827, -0.109912
-2.21669, 1.63896, -14.7194, -2.29002, -3.38179, -0.032181
-2.32005, 1.65854, -14.7376, -2.33659, -3.55373, -0.053027
-2.33169, 1.63513, -14.6891, -2.18725, -3.66382, -0.164295
-2.34402, 1.6195, -14.6482, -2.0275, -4.05152, -0.19381
-2.3042, 1.61226, -14.5644, -2.07145, -4.35662, -0.066166
-2.17583, 1.62993, -14.1244, -2.11488, -4.41289, 0.00366
-2.01576, 1.64689, -14.0173, -2.1489, -4.35161, 0.054063
-1.85433, 1.70344, -14.145, -2.22841, -4.20101, 0.070366
-1.63642, 1.70695, -13.9931, -2.21573, -3.87789, 0.071688
-1.44255, 1.71313, -13.9579, -2.25379, -3.55685, 0.082233
-1.30931, 1.72844, -13.736, -2.33989, -3.2636, 0.068021
-1.20941, 1.7199, -13.4136, -2.34003, -3.0834, 0.016885
-1.14376, 1.6702, -13.3287, -2.16003, -2.96151, -0.07329
-1.06125, 1.54371, -13.2067, -1.78612, -2.73903, -0.166247
-1.02842, 1.5433, -13.1019, -1.74831, -2.68583, -0.159576
-1.02422, 1.60617, -13.2067, -1.91315, -2.79034, -0.13077
-0.998239, 1.67745, -13.4627, -2.11847, -2.8136, -0.095967
-0.92846, 1.76405, -13.6008, -2.26728, -2.72771, -0.09471
-0.800931, 1.80316, -13.7544, -2.31501, -2.53505, -0.074409
-0.666899, 1.87057, -14.0588, -2.46182, -2.31756, -0.023729
-0.583197, 1.94485, -14.2349, -2.63979, -2.10063, 0.090202
-0.541464, 1.93806, -13.8601, -2.69395, -1.86247, 0.133299
-0.559929, 1.85576, -13.2639, -2.5757, -1.58154, 0.124838
-0.623798, 1.7413, -12.7392, -2.37341, -1.55261, -0.051369
-0.73321, 1.6195, -12.3303, -2.13206, -1.68757, -0.124615
-0.856641, 1.53447, -12.0262, -2.0033, -1.88589, -0.188863
-0.950967, 1.47604, -12.0793, -1.76032, -2.07148, -0.209478
-1.01802, 1.47875, -12.2548, -1.65169, -2.26189, -0.174979
-1.0955, 1.57872, -12.5921, -1.7572, -2.52008, -0.045349
-1.16188, 1.71453, -12.8805, -2.01757, -2.77056, 0.059464
-1.19384, 1.82335, -13.0595, -2.23006, -2.87303, 0.109918
-1.16049, 1.83116, -13.0761, -2.17727, -2.87619, 0.004392
-1.10541, 1.83668, -13.0443, -2.21099, -2.83075, -0.08377
-1.04824, 1.87245, -13.1142, -2.36098, -2.85355, -0.109779
-0.97936, 1.8974, -12.837, -2.51805, -2.76695, -0.091547
-0.900794, 1.92669, -12.7424, -2.60724, -2.64303, -0.052854
-0.8016, 1.9377, -12.5578, -2.63481, -2.48574, -0.04911
-0.705158, 1.93731, -12.3242, -2.64942, -2.32455, -0.105034
-0.613283, 1.95877, -12.4246, -2.71583, -2.18174, -0.14695
-0.522, 2.01187, -12.4478, -2.77133, -2.03494, -0.147831
-0.406677, 2.03838, -12.5112, -2.7902, -1.84856, -0.156576
-0.292803, 2.07031, -12.7753, -2.87091, -1.67852, -0.126915
-0.210912, 2.12836, -12.739, -2.97159, -1.5106, -0.076857
-0.146904, 2.13189, -12.7934, -3.0134, -1.37516, -0.052655
-0.107625, 2.13476, -12.8641, -3.18284, -1.15383, -0.0149
-0.13914, 2.10579, -12.4586, -3.09138, -0.852406, 0.015917
-0.220547, 1.94874, -11.8674, -2.71399, -0.839174, -0.026112
-0.308781, 1.77951, -11.5538, -2.32464, -0.978229, -0.073805
-0.436066, 1.66478, -11.349, -2.08192, -1.17042, -0.099264
-0.544717, 1.61213, -11.3338, -1.94321, -1.39843, -0.115335
-0.637992, 1.61706, -11.6039, -1.9497, -1.62956, -0.155752
-0.71033, 1.71333, -11.9212, -2.09628, -1.88643, -0.190484
-0.752701, 1.8361, -12.2887, -2.38717, -2.32916, -0.117975
-0.703097, 1.95808, -12.6267, -2.61251, -2.33449, -0.044284
-0.603379, 2.03373, -12.9047, -2.74949, -2.16152, 0.008846
-0.466678, 2.12281, -13.1777, -2.91111, -1.93968, 0.029582
-0.327349, 2.18503, -13.1814, -3.06696, -1.72288, 0.028117
-0.217918, 2.18453, -13.024, -3.11881, -1.5015, -0.003196
-0.1317, 2.16461, -12.8664, -3.09907, -1.33553, -0.049025
-0.083082, 2.12435, -12.6625, -3.11054, -1.13006, -0.098489
-0.076988, 2.09619, -12.5098, -3.10543, -0.877776, -0.096345
-0.123825, 2.07802, -12.705, -2.93174, -0.74936, -0.122701
-0.192361, 2.05858, -12.8717, -2.8016, -0.846313, -0.14386
-0.263956, 2.05341, -13.0534, -2.76079, -0.976332, -0.191297
-0.333799, 2.13263, -13.9121, -2.89148, -1.16799, -0.222846
-0.399075, 2.25907, -14.3805, -3.22097, -1.35684, -0.224459
-0.447749, 2.35278, -14.7703, -3.53684, -1.55182, -0.142872
-0.487637, 2.43812, -15.1635, -3.74231, -1.57436, -0.043858
-0.518837, 2.4098, -15.0885, -3.61021, -1.45771, -0.043536
-0.551748, 2.29865, -15.0922, -3.24561, -1.42271, -0.024265
-0.653949, 2.22828, -15.307, -3.0564, -1.55938, 0.020232
-0.785133, 2.22894, -15.5839, -3.03374, -1.79444, 0.026189
-0.889413, 2.25497, -15.8188, -3.12579, -1.98958, -0.041937
-0.95117, 2.28612, -16.0064, -3.18251, -2.17811, -0.147542
-0.970276, 2.35957, -16.2601, -3.37871, -2.50245, -0.214525
-0.958065, 2.46543, -16.5769, -3.60603, -2.70796, -0.113557
-0.844387, 2.51982, -16.5048, -3.66154, -2.57529, -0.088518
-0.700785, 2.54714, -16.4995, -3.65563, -2.33327, -0.082851
-0.512624, 2.54821, -16.4671, -3.60888, -2.0383, -0.036186
-0.346196, 2.48636, -16.1078, -3.49939, -1.73329, 0.018171
-0.189918, 2.46126, -15.8896, -3.4775, -1.46559, 0.081264
-0.116428, 2.44232, -15.4442, -3.49738, -1.29291, 0.119222
-0.049224, 2.3726, -14.7734, -3.41077, -1.2267, 0.037252
0.050843, 2.31656, -14.4684, -3.30114, -1.08985, -0.098039
0.114412, 2.27694, -14.1926, -3.27162, -0.986993, -0.178216
0.192397, 2.22678, -13.8708, -3.15591, -0.864751, -0.203449
0.260897, 2.20706, -13.9689, -3.15195, -0.768606, -0.168232
0.266836, 2.26508, -14.1103, -3.3213, -0.722029, -0.061799
0.285048, 2.24699, -14.1876, -3.26396, -0.393873, 0.002427
0.265522, 2.1766, -14.1341, -3.11809, -0.074659, -0.04881
0.171233, 2.13276, -13.9888, -3.01193, -0.179147, -0.07885
0.04097, 2.08364, -13.9555, -2.89125, -0.36144, -0.093189
-0.132188, 2.04147, -13.9039, -2.87107, -0.633951, -0.088669
-0.321723, 2.03452, -14.0228, -2.88419, -0.977495, -0.140085
-0.476732, 2.04014, -13.9873, -2.86696, -1.27473, -0.212498
