Fx [N], Fy [N], Fz [N], Mx [Nm], My [Nm], Mz [Nm]
0.16845, 0.456852, -0.00961, -0.070555, -0.554022, -0.069813
0.168471, 0.451721, -0.035813, -0.070793, -0.552357, -0.071904
0.165239, 0.460134, -0.039908, -0.064334, -0.552369, -0.074663
0.171917, 0.456236, -0.031671, -0.068731, -0.556822, -0.066363
0.16741, 0.456296, -0.033782, -0.068537, -0.549377, -0.070593
0.165033, 0.46015, -0.029974, -0.071176, -0.551026, -0.079103
0.166371, 0.455606, -0.035802, -0.064258, -0.551478, -0.071955
0.172195, 0.451143, -0.033759, -0.050591, -0.55548, -0.073215
0.170969, 0.455703, -0.037798, -0.057512, -0.552368, -0.071764
0.169959, 0.456335, -0.03556, -0.057151, -0.549276, -0.062122
0.169265, 0.456429, -0.011992, -0.077672, -0.545173, -0.083618
0.166346, 0.455406, -0.019688, -0.064335, -0.562112, -0.072391
0.167077, 0.454919, -0.023831, -0.082923, -0.55187, -0.073663
0.167313, 0.453476, -0.023649, -0.074466, -0.55984, -0.068103
0.163975, 0.451696, -0.021725, -0.070607, -0.547664, -0.072391
0.162761, 0.453556, -0.025859, -0.074265, -0.552377, -0.076499
0.165232, 0.456112, -0.031743, -0.06626, -0.557557, -0.070716
0.171009, 0.455777, -0.037796, -0.055182, -0.548441, -0.071754
0.169648, 0.454921, -0.033653, -0.071573, -0.554352, -0.064986
0.171853, 0.454748, -0.017543, -0.07172, -0.56606, -0.06536
0.16752, 0.456364, -0.04383, -0.063943, -0.546729, -0.070317
0.167192, 0.454892, -0.033782, -0.080665, -0.553166, -0.069232
0.166171, 0.451513, -0.019794, -0.070794, -0.5619, -0.076567
0.166413, 0.455587, -0.033779, -0.061975, -0.552831, -0.072005
0.168211, 0.454269, -0.021841, -0.080987, -0.553729, -0.075072
0.165257, 0.465287, -0.029891, -0.061833, -0.555256, -0.076317
0.161963, 0.447739, -0.033734, -0.061014, -0.550436, -0.072122
0.168589, 0.456842, -0.011419, -0.068267, -0.552752, -0.061422
0.164884, 0.455019, -0.005714, -0.078166, -0.543056, -0.074178
0.168453, 0.456984, -0.033686, -0.075106, -0.545942, -0.065014
0.168726, 0.454216, -0.027597, -0.060418, -0.557891, -0.066548
0.167284, 0.458887, -0.019875, -0.069556, -0.550826, -0.07791
0.167602, 0.457487, -0.035696, -0.061104, -0.556081, -0.067759
0.166409, 0.455443, -0.02773, -0.062042, -0.560769, -0.072174
0.167329, 0.454894, -0.015639, -0.07147, -0.553373, -0.069687
0.165145, 0.454938, -0.035848, -0.069118, -0.550863, -0.073384
0.164094, 0.462135, -0.039927, -0.065612, -0.547932, -0.074692
0.163912, 0.451792, -0.035835, -0.075162, -0.542262, -0.072024
0.167466, 0.456283, -0.037796, -0.066264, -0.550693, -0.070485
0.161821, 0.450312, -0.031818, -0.066641, -0.551781, -0.074967
0.170877, 0.458254, -0.037708, -0.065435, -0.552395, -0.066226
0.160771, 0.452467, -0.037868, -0.063269, -0.539453, -0.074818
0.167171, 0.453673, -0.025882, -0.07666, -0.550551, -0.076374
0.166559, 0.454371, -0.03976, -0.055699, -0.548872, -0.07044
0.170826, 0.455664, -0.015595, -0.064349, -0.551136, -0.068187
0.165106, 0.452342, -0.037798, -0.072659, -0.549424, -0.070557
0.168532, 0.46344, -0.029906, -0.065133, -0.552819, -0.076223
0.166385, 0.460801, -0.025701, -0.064018, -0.550409, -0.069441
0.168667, 0.462031, -0.025809, -0.058944, -0.559456, -0.074937
0.168755, 0.454283, -0.023483, -0.060368, -0.552667, -0.062479
0.170729, 0.459522, -0.031907, -0.067113, -0.556366, -0.076114
0.168101, 0.450374, -0.011781, -0.085133, -0.552304, -0.075338
0.167092, 0.44979, -0.029818, -0.083113, -0.547716, -0.072109
0.164062, 0.455484, -0.019616, -0.06878, -0.553109, -0.068283
0.168442, 0.45539, -0.019628, -0.07358, -0.563109, -0.06818
0.16813, 0.458187, -0.028003, -0.083692, -0.553774, -0.079088
0.167315, 0.453765, -0.031899, -0.069754, -0.546634, -0.076197
0.166278, 0.45429, -0.015568, -0.069423, -0.548897, -0.066931
0.161826, 0.454284, -0.037879, -0.067023, -0.547917, -0.074806
0.163919, 0.454136, -0.013743, -0.071717, -0.556994, -0.075395
0.166446, 0.456866, -0.029605, -0.063633, -0.551595, -0.065168
0.165066, 0.448546, -0.021782, -0.069876, -0.54414, -0.075128
0.167094, 0.453671, -0.013644, -0.083493, -0.546641, -0.068364
0.166216, 0.462145, -0.031987, -0.067969, -0.550331, -0.079013
0.166221, 0.460692, -0.02975, -0.073243, -0.555556, -0.069361
0.166262, 0.455827, -0.034004, -0.064141, -0.540921, -0.080325
0.169777, 0.45622, -0.03165, -0.064077, -0.555796, -0.066416
0.167249, 0.453532, -0.017628, -0.076711, -0.555904, -0.068259
0.167407, 0.452231, -0.0257, -0.068203, -0.558521, -0.070813
0.164042, 0.455705, -0.035828, -0.068696, -0.542457, -0.072014
0.165115, 0.456127, -0.039819, -0.073136, -0.556119, -0.070517
0.164316, 0.462137, -0.03787, -0.054162, -0.54938, -0.074725
0.170682, 0.458186, -0.011575, -0.072285, -0.553803, -0.066924
0.165191, 0.453662, -0.035894, -0.065157, -0.55085, -0.076153
0.16494, 0.453501, -0.021753, -0.078945, -0.55608, -0.072388
0.166218, 0.449063, -0.041954, -0.069723, -0.555098, -0.077365
0.166288, 0.455645, -0.039847, -0.068823, -0.548772, -0.071855
0.17076, 0.456736, -0.019651, -0.068436, -0.564274, -0.069498
0.164025, 0.454247, -0.023707, -0.069383, -0.550389, -0.070952
0.168676, 0.455493, -0.025628, -0.06209, -0.55924, -0.067995
0.168536, 0.454145, -0.021679, -0.067316, -0.56179, -0.070891
0.165009, 0.456203, -0.03582, -0.077664, -0.55083, -0.070623
0.168528, 0.456803, -0.021668, -0.068319, -0.55792, -0.0695
0.168454, 0.454237, -0.009538, -0.071814, -0.553935, -0.067037
0.163886, 0.458085, -0.02191, -0.07212, -0.555733, -0.079353
0.16882, 0.45684, -0.031501, -0.059153, -0.555355, -0.060883
0.16707, 0.456269, -0.023784, -0.084554, -0.547957, -0.070884
0.163919, 0.451418, -0.027752, -0.075352, -0.56338, -0.072265
0.159398, 0.458056, -0.029962, -0.074272, -0.552194, -0.079268
0.166409, 0.455443, -0.02773, -0.062042, -0.560769, -0.072174
0.16755, 0.456244, -0.03375, -0.061699, -0.553399, -0.070585
0.166226, 0.460794, -0.033959, -0.068626, -0.552909, -0.077576
0.169675, 0.458723, -0.025607, -0.06973, -0.559817, -0.065203
0.160556, 0.453595, -0.019817, -0.071856, -0.547414, -0.076708
0.168636, 0.457005, -0.035576, -0.068227, -0.544701, -0.06078
0.1629, 0.454759, -0.025683, -0.071395, -0.55643, -0.069556
0.168207, 0.463378, -0.024103, -0.076609, -0.556652, -0.084741
0.165184, 0.455012, -0.035846, -0.066788, -0.546937, -0.073374
0.170404, 0.459502, -0.027945, -0.083139, -0.554909, -0.076248
0.162708, 0.46142, -0.0281, -0.072772, -0.551283, -0.084779
0.164701, 0.454893, -0.019831, -0.08971, -0.549434, -0.073841
0.162426, 0.45082, -0.013767, -0.091588, -0.55615, -0.074073
0.169564, 0.451091, -0.035846, -0.07114, -0.552864, -0.073262
0.16751, 0.4537, -0.03588, -0.060643, -0.551971, -0.076083
0.168397, 0.456811, -0.023707, -0.075185, -0.55652, -0.069458
0.169642, 0.456179, -0.013294, -0.075493, -0.551894, -0.054406
0.168134, 0.459505, -0.011937, -0.080734, -0.552624, -0.08089
0.166692, 0.458283, -0.041678, -0.051523, -0.547731, -0.066214
0.166521, 0.455748, -0.045848, -0.057333, -0.544903, -0.07167
0.166204, 0.459617, -0.027899, -0.069171, -0.545003, -0.076334
0.16302, 0.452221, -0.037846, -0.06349, -0.556328, -0.074779
0.169835, 0.457619, -0.021617, -0.058798, -0.550682, -0.068051
0.167202, 0.453541, -0.035753, -0.081322, -0.555744, -0.067795
0.170841, 0.451696, -0.035784, -0.064025, -0.557453, -0.071834
0.168545, 0.456902, -0.031649, -0.070569, -0.551268, -0.065065
0.166336, 0.455543, -0.019701, -0.064259, -0.554212, -0.072379
0.166071, 0.452894, -0.01968, -0.07927, -0.553983, -0.069629
0.164091, 0.451628, -0.029835, -0.063799, -0.554251, -0.076343
0.162966, 0.452326, -0.037778, -0.068005, -0.548398, -0.07061
0.168806, 0.456792, -0.023624, -0.054594, -0.560683, -0.069425
0.170729, 0.459522, -0.031907, -0.067113, -0.556366, -0.076114
0.160431, 0.452254, -0.021904, -0.077092, -0.549927, -0.079446
0.164909, 0.454887, -0.030028, -0.07601, -0.554744, -0.081893
0.164104, 0.454342, -0.039889, -0.064791, -0.547685, -0.074686
0.16129, 0.451521, -0.015937, -0.088927, -0.554302, -0.080989
0.168695, 0.454388, -0.037857, -0.058065, -0.551233, -0.074604
0.166288, 0.455645, -0.039847, -0.068823, -0.548772, -0.071855
0.169634, 0.458846, -0.029914, -0.065107, -0.557152, -0.077584
0.167383, 0.456322, -0.041841, -0.070829, -0.547987, -0.070385
0.168625, 0.454394, -0.027807, -0.060329, -0.549955, -0.074869
0.163729, 0.454251, -0.01379, -0.080809, -0.548998, -0.075401
0.168474, 0.456763, -0.017474, -0.07519, -0.556593, -0.061283
0.167353, 0.458975, -0.031946, -0.067244, -0.546825, -0.077584
0.163905, 0.452955, -0.029822, -0.074599, -0.550243, -0.073582
0.167197, 0.449766, -0.033997, -0.073987, -0.553017, -0.080327
0.169503, 0.453429, -0.023655, -0.076866, -0.56484, -0.068051
0.165158, 0.457414, -0.039756, -0.072513, -0.55618, -0.067739
0.16616, 0.452906, -0.019663, -0.074686, -0.554031, -0.06962
0.167453, 0.460249, -0.035897, -0.064347, -0.548201, -0.074699
0.163021, 0.461526, -0.029971, -0.058978, -0.546164, -0.080526
0.166368, 0.45566, -0.017691, -0.061901, -0.547665, -0.072418
0.16485, 0.45349, -0.02177, -0.083529, -0.556033, -0.072397
0.17086, 0.455541, -0.02573, -0.062154, -0.560296, -0.0721
0.168483, 0.456917, -0.00742, -0.072794, -0.547463, -0.061528
0.167226, 0.45473, -0.023786, -0.07616, -0.563792, -0.073668
0.157348, 0.458237, -0.035889, -0.067227, -0.539322, -0.074976
0.168353, 0.455524, -0.02377, -0.075808, -0.556459, -0.072236
0.167333, 0.453493, -0.013582, -0.072146, -0.55861, -0.068359
0.162107, 0.458287, -0.047738, -0.05823, -0.541525, -0.066187
0.166033, 0.455486, -0.023783, -0.080322, -0.555338, -0.072307
0.168676, 0.455493, -0.025628, -0.06209, -0.55924, -0.067995
0.158378, 0.454812, -0.021759, -0.071192, -0.549023, -0.073943
0.162846, 0.454823, -0.023774, -0.07136, -0.553791, -0.073771
0.168483, 0.458368, -0.029872, -0.067568, -0.544728, -0.074825
0.167287, 0.456261, -0.03783, -0.075432, -0.550598, -0.070503
0.164028, 0.457056, -0.031933, -0.065749, -0.541214, -0.077668
0.170702, 0.455443, -0.013677, -0.06905, -0.56425, -0.072434
0.166317, 0.457995, -0.02764, -0.069965, -0.560796, -0.066636
0.166314, 0.460899, -0.035962, -0.063994, -0.547677, -0.077507
0.166398, 0.456835, -0.027599, -0.065934, -0.5529, -0.065227
0.161659, 0.450256, -0.019681, -0.075798, -0.551779, -0.071133
0.166244, 0.452908, -0.017458, -0.074671, -0.551446, -0.061336
0.165096, 0.449679, -0.029849, -0.069359, -0.554666, -0.076322
0.167282, 0.454717, -0.027799, -0.073886, -0.565107, -0.07356
0.163896, 0.454306, -0.027851, -0.073941, -0.547665, -0.075019
0.16595, 0.455483, -0.025988, -0.080337, -0.557923, -0.080591
0.16969, 0.45486, -0.02979, -0.064741, -0.560996, -0.073421
0.170696, 0.452715, -0.025499, -0.077254, -0.568003, -0.061028
0.166497, 0.458348, -0.037696, -0.060635, -0.542395, -0.066329
0.165084, 0.454807, -0.025786, -0.071458, -0.557486, -0.07366
0.166245, 0.452906, -0.035749, -0.07243, -0.555271, -0.069197
0.168548, 0.45967, -0.038034, -0.062385, -0.547384, -0.080165
0.168775, 0.462192, -0.037878, -0.054302, -0.551528, -0.074601
0.163923, 0.456749, -0.017664, -0.075036, -0.55441, -0.069739
0.168203, 0.452913, -0.015852, -0.079346, -0.55768, -0.078009
0.163005, 0.457494, -0.035984, -0.060944, -0.553879, -0.080381
0.167559, 0.456253, -0.019571, -0.061659, -0.550871, -0.066783
0.164793, 0.456211, -0.021774, -0.086786, -0.548189, -0.071005
0.16281, 0.453493, -0.025844, -0.072011, -0.556351, -0.0765
0.170674, 0.454401, -0.009554, -0.071808, -0.547109, -0.066963
0.165439, 0.458908, -0.031612, -0.058025, -0.5459, -0.06513
0.164798, 0.452247, -0.019825, -0.084124, -0.553351, -0.075224
0.166345, 0.455539, -0.04184, -0.066596, -0.555367, -0.071808
0.166185, 0.455534, -0.031808, -0.073445, -0.554042, -0.072081
0.160861, 0.461348, -0.035892, -0.059, -0.552971, -0.076275
0.166452, 0.45813, -0.031649, -0.063031, -0.554259, -0.066508
0.16705, 0.456212, -0.013719, -0.084565, -0.550653, -0.071151
0.165259, 0.452349, -0.043983, -0.061232, -0.55342, -0.078716
0.162011, 0.451742, -0.039877, -0.056805, -0.546602, -0.07612
0.17199, 0.451054, -0.039831, -0.062098, -0.559274, -0.073085
0.168691, 0.459514, -0.037642, -0.064742, -0.551382, -0.063509
0.16303, 0.456058, -0.02368, -0.063899, -0.557874, -0.070985
0.163816, 0.451597, -0.009672, -0.077503, -0.551618, -0.072725
0.165044, 0.455024, -0.015747, -0.071317, -0.544381, -0.073904
0.166204, 0.454192, -0.0196, -0.074063, -0.554092, -0.066842
0.165232, 0.458912, -0.039705, -0.069485, -0.544414, -0.064939
0.167349, 0.450792, -0.015601, -0.071172, -0.5651, -0.069701
0.167634, 0.457563, -0.031845, -0.054196, -0.554824, -0.076181
0.169735, 0.45624, -0.033672, -0.06636, -0.554443, -0.066366
0.166101, 0.451414, -0.02575, -0.077723, -0.565759, -0.072262
0.165966, 0.458157, -0.017834, -0.081309, -0.551488, -0.07524
0.166192, 0.453115, -0.037964, -0.07004, -0.546029, -0.07746
0.170677, 0.452906, -0.021843, -0.068003, -0.562785, -0.077773
0.165324, 0.45496, -0.035814, -0.05995, -0.550958, -0.073366
0.169834, 0.45771, -0.041929, -0.05651, -0.549228, -0.075852
0.162913, 0.457577, -0.038021, -0.065481, -0.548553, -0.08033
0.163981, 0.459443, -0.027619, -0.076035, -0.547862, -0.063915
0.166412, 0.460867, -0.037953, -0.059439, -0.550345, -0.07745
0.168573, 0.459593, -0.027871, -0.062402, -0.550098, -0.076265
0.163959, 0.458119, -0.035725, -0.076695, -0.550384, -0.066487
0.169687, 0.460234, -0.035984, -0.062157, -0.553231, -0.078805
0.167589, 0.454815, -0.027483, -0.064662, -0.557355, -0.061032
0.164187, 0.454303, -0.035843, -0.060226, -0.550391, -0.074786
0.167532, 0.460066, -0.025802, -0.059849, -0.558845, -0.074968
0.160853, 0.461391, -0.033884, -0.058971, -0.55035, -0.076324
0.165363, 0.454889, -0.031687, -0.059976, -0.553635, -0.069309
0.162626, 0.452259, -0.007648, -0.081713, -0.548443, -0.071424
0.165149, 0.453682, -0.037916, -0.067439, -0.549497, -0.076103
0.160916, 0.456149, -0.037752, -0.059215, -0.551493, -0.070663
0.161733, 0.450249, -0.031655, -0.075823, -0.551722, -0.066651
0.166134, 0.45569, -0.033843, -0.075652, -0.544789, -0.07202
0.16502, 0.454863, -0.019765, -0.073704, -0.55355, -0.073817
0.164113, 0.45546, -0.039732, -0.068835, -0.555617, -0.067762
0.16822, 0.459412, -0.026002, -0.078526, -0.559144, -0.080528
0.157096, 0.459529, -0.02591, -0.078031, -0.537992, -0.076647
0.163157, 0.456237, -0.025681, -0.056938, -0.548715, -0.070906
0.169497, 0.456284, -0.011582, -0.075445, -0.549219, -0.066954
0.166373, 0.455554, -0.035622, -0.068855, -0.551467, -0.063631
0.164048, 0.454313, -0.034035, -0.062515, -0.551661, -0.083178
0.168595, 0.456942, -0.033918, -0.061409, -0.55393, -0.077498
0.163768, 0.454128, -0.025849, -0.080903, -0.556824, -0.075098
0.165048, 0.452449, -0.035806, -0.074885, -0.542829, -0.070604
0.161826, 0.454284, -0.037879, -0.067023, -0.547917, -0.074806
0.166353, 0.455786, -0.033807, -0.064154, -0.540957, -0.071992
0.166279, 0.45293, -0.031718, -0.07012, -0.554003, -0.069296
0.169803, 0.457501, -0.023627, -0.061156, -0.55723, -0.068012
0.167358, 0.456121, -0.025727, -0.070906, -0.558621, -0.070821
0.167464, 0.454976, -0.035835, -0.064604, -0.551985, -0.073313
0.166367, 0.464901, -0.044029, -0.062075, -0.542508, -0.077288
0.170933, 0.455772, -0.04385, -0.059775, -0.548356, -0.071605
0.169671, 0.454751, -0.019545, -0.069348, -0.563681, -0.065363
0.161819, 0.45438, -0.019685, -0.066927, -0.540147, -0.071101
0.168429, 0.456637, -0.031738, -0.075298, -0.567004, -0.069263
0.166421, 0.455543, -0.035787, -0.062003, -0.555452, -0.071956
0.169567, 0.452356, -0.035966, -0.068249, -0.556863, -0.078818
0.161632, 0.452855, -0.027896, -0.07457, -0.554431, -0.07787
0.166315, 0.462061, -0.033798, -0.06801, -0.552988, -0.070632
0.166337, 0.456943, -0.023682, -0.065871, -0.547641, -0.069491
0.16822, 0.459412, -0.026002, -0.078526, -0.559144, -0.080528
0.166096, 0.452962, -0.013641, -0.076931, -0.550094, -0.069776
0.161652, 0.462073, -0.02596, -0.072404, -0.548174, -0.079303
0.165448, 0.461437, -0.033776, -0.054534, -0.552563, -0.072025
0.170413, 0.454283, -0.009773, -0.081039, -0.554878, -0.075325
0.164213, 0.456839, -0.027677, -0.061274, -0.551856, -0.069446
0.160645, 0.45234, -0.037971, -0.067922, -0.547288, -0.079004
0.167325, 0.453536, -0.011575, -0.072118, -0.555989, -0.068408
0.164168, 0.45018, -0.019621, -0.062191, -0.560895, -0.071057
0.168388, 0.451626, -0.017706, -0.073096, -0.556396, -0.072386
0.16878, 0.455552, -0.033487, -0.062065, -0.553959, -0.059444
0.170585, 0.455458, -0.021753, -0.075925, -0.562812, -0.072235
0.16069, 0.458813, -0.040062, -0.06481, -0.550143, -0.081731
0.167286, 0.452102, -0.027727, -0.075145, -0.565021, -0.070783
0.170481, 0.452971, -0.017862, -0.077114, -0.557448, -0.077888
0.168466, 0.456807, -0.015466, -0.075161, -0.553972, -0.061332
0.162821, 0.452195, -0.011629, -0.072601, -0.55378, -0.071309
0.169764, 0.464014, -0.029763, -0.062609, -0.557378, -0.070639
0.166446, 0.452944, -0.043939, -0.058702, -0.557961, -0.077298
0.163901, 0.455612, -0.031735, -0.07789, -0.545038, -0.067974
0.161631, 0.458135, -0.03207, -0.072033, -0.551945, -0.083314
0.169472, 0.454712, -0.029646, -0.080836, -0.564816, -0.065124
0.166446, 0.452852, -0.023627, -0.06099, -0.559415, -0.069496
0.169796, 0.449887, -0.039885, -0.057991, -0.550287, -0.075905
0.166105, 0.454172, -0.033796, -0.078687, -0.556572, -0.070653
0.164118, 0.456726, -0.023486, -0.070474, -0.554456, -0.06124
0.16403, 0.459391, -0.025943, -0.064633, -0.557139, -0.080625
0.169553, 0.457722, -0.038048, -0.067945, -0.5478, -0.080143
0.159687, 0.454174, -0.035838, -0.062416, -0.55217, -0.07492
0.167102, 0.454986, -0.017793, -0.080584, -0.547981, -0.073811
0.163039, 0.457518, -0.031953, -0.058634, -0.552611, -0.08048
0.167435, 0.454674, -0.015513, -0.069298, -0.565265, -0.065534
0.169809, 0.453537, -0.021678, -0.058495, -0.562391, -0.072231
0.164225, 0.452926, -0.029756, -0.058592, -0.554359, -0.073557
0.169672, 0.458827, -0.025967, -0.060535, -0.55984, -0.081851
0.166268, 0.452736, -0.021641, -0.070206, -0.564599, -0.069574
0.162578, 0.454987, -0.011764, -0.082689, -0.541897, -0.07409
0.167529, 0.454828, -0.021545, -0.064647, -0.557375, -0.065356
0.171535, 0.457495, -0.021891, -0.081851, -0.559383, -0.076377
0.163967, 0.451739, -0.019717, -0.070579, -0.545043, -0.072439
0.166295, 0.455457, -0.03773, -0.071207, -0.557996, -0.067759
0.166494, 0.454096, -0.023649, -0.058106, -0.563432, -0.070886
0.166141, 0.452888, -0.029729, -0.077006, -0.555261, -0.069364
0.169412, 0.45487, -0.027833, -0.078465, -0.558233, -0.073496
0.16159, 0.458102, -0.033912, -0.078913, -0.55058, -0.07494
0.162026, 0.456885, -0.029595, -0.061163, -0.545521, -0.065282
0.168476, 0.455414, -0.015597, -0.071269, -0.561841, -0.068279
0.163808, 0.454202, -0.025847, -0.078573, -0.552897, -0.075088
0.16948, 0.456277, -0.021913, -0.070906, -0.554417, -0.079189
0.161751, 0.451532, -0.019784, -0.068324, -0.555825, -0.07668
0.163797, 0.456808, -0.023732, -0.081884, -0.550351, -0.069589
0.173205, 0.459608, -0.041843, -0.058011, -0.554857, -0.071602
0.170865, 0.460913, -0.035773, -0.064148, -0.549861, -0.069051
0.164187, 0.454303, -0.035843, -0.060226, -0.550391, -0.074786
0.162643, 0.453571, -0.033935, -0.081141, -0.550939, -0.0763
0.16639, 0.460903, -0.029909, -0.059401, -0.547762, -0.077656
0.16082, 0.45226, -0.033728, -0.06337, -0.55003, -0.070772
0.166228, 0.459487, -0.033922, -0.069255, -0.552866, -0.076188
0.168458, 0.456809, -0.011618, -0.070583, -0.556642, -0.069765
0.167514, 0.46146, -0.021823, -0.059164, -0.553646, -0.076454
0.165052, 0.454981, -0.017755, -0.071346, -0.547002, -0.073855
0.157414, 0.452768, -0.015585, -0.065257, -0.552489, -0.069958
0.166171, 0.453058, -0.0279, -0.07005, -0.548725, -0.077726
0.167546, 0.453631, -0.029829, -0.058379, -0.555982, -0.076242
0.164919, 0.454792, -0.031856, -0.080636, -0.557354, -0.07352
0.16832, 0.454339, -0.013598, -0.078633, -0.547255, -0.066935
0.169802, 0.463995, -0.025816, -0.058038, -0.560066, -0.074905
0.167351, 0.452099, -0.017562, -0.072832, -0.563808, -0.066873
0.164774, 0.453591, -0.011817, -0.083458, -0.55081, -0.076818
0.169796, 0.455115, -0.043879, -0.060051, -0.547789, -0.073025
0.170991, 0.456788, -0.023547, -0.059255, -0.561728, -0.065205
0.169337, 0.456424, -0.005675, -0.079938, -0.541291, -0.071275
0.162902, 0.45621, -0.031769, -0.070699, -0.548535, -0.070775
0.171546, 0.451009, -0.023813, -0.08269, -0.557844, -0.073543
0.16624, 0.455481, -0.01569, -0.068862, -0.556823, -0.072497
0.167434, 0.453656, -0.021802, -0.062926, -0.553352, -0.076457
0.167334, 0.448263, -0.02788, -0.067845, -0.564932, -0.0791
0.168462, 0.454194, -0.011545, -0.071842, -0.556556, -0.066988
0.164169, 0.454152, -0.023758, -0.060284, -0.558366, -0.075113
0.165366, 0.452327, -0.031795, -0.056637, -0.55356, -0.074856
0.162899, 0.449531, -0.02169, -0.069334, -0.558927, -0.072435
0.164085, 0.451578, -0.025807, -0.063818, -0.556909, -0.076452
0.168449, 0.448957, -0.019806, -0.067532, -0.562917, -0.077886
0.164784, 0.454854, -0.015785, -0.085145, -0.552139, -0.073942
0.162698, 0.446971, -0.031814, -0.079744, -0.556032, -0.073576
0.167102, 0.452372, -0.015796, -0.079553, -0.54923, -0.075251
