Fx [N], Fy [N], Fz [N], Mx [Nm], My [Nm], Mz [Nm]
0.488344, 0.522849, -3.26544, -0.147881, -0.077679, 0.010662
0.504216, 0.52348, -3.81647, -0.151468, -0.04833, 0.040775
0.535851, 0.53173, -4.58917, -0.17078, -0.062039, 0.064514
0.566468, 0.535045, -5.34195, -0.17402, -0.025235, 0.079469
0.56719, 0.549726, -6.02309, -0.200432, -0.050007, 0.05685
0.594601, 0.54355, -6.94338, -0.215529, -0.072096, -0.035158
0.640457, 0.55203, -8.01597, -0.23356, -0.018105, -0.086463
0.673427, 0.553718, -8.79859, -0.313345, 0.063931, -0.126279
0.732578, 0.578728, -9.46042, -0.350425, 0.226494, -0.159997
0.822462, 0.574969, -10.274, -0.272127, 0.440775, -0.158066
0.873106, 0.574753, -11.0312, -0.204409, 0.573349, -0.158856
0.896102, 0.587856, -11.5625, -0.156307, 0.525085, 0.013992
0.894666, 0.592026, -12.1778, -0.146417, 0.395886, 0.033963
0.903902, 0.59608, -12.9954, -0.162566, 0.303854, 0.023398
0.904908, 0.600907, -13.5793, -0.260185, 0.248189, -0.135253
0.909818, 0.609334, -14.1102, -0.32152, 0.275799, -0.18525
0.98928, 0.626249, -14.6541, -0.298814, 0.446406, -0.176903
1.11173, 0.661436, -15.1044, -0.190467, 0.84256, -0.115155
1.12915, 0.684817, -15.564, -0.182893, 0.885577, -0.047068
1.1344, 0.718749, -16.1741, -0.206809, 0.840471, 0.042469
1.15394, 0.785589, -16.9727, -0.295886, 0.863877, 0.099793
1.17601, 0.8437, -17.4409, -0.409387, 0.832513, 0.081794
1.1624, 0.863015, -18.2007, -0.584775, 0.646495, -0.103569
1.18933, 0.880093, -18.4362, -0.91682, 0.785158, -0.031679
1.25418, 0.856859, -18.5568, -0.978494, 0.988725, 0.001306
1.31959, 0.796215, -18.8417, -0.944354, 1.06254, -0.130924
1.37488, 0.718931, -19.2654, -0.798994, 1.08482, -0.197214
1.37237, 0.651083, -19.5172, -0.628253, 0.957083, -0.080871
1.36467, 0.58636, -20.1633, -0.300832, 0.816064, 0.018016
1.44361, 0.573318, -20.616, -0.120533, 1.00684, 0.025642
1.53336, 0.590568, -20.8353, -0.051396, 1.31755, 0.055276
1.57504, 0.635542, -21.2265, -0.054737, 1.38589, 0.133388
1.59782, 0.701932, -22.0339, -0.06858, 1.43273, 0.150889
1.59596, 0.795587, -22.7799, -0.189728, 1.53089, 0.060412
1.64835, 0.899291, -23.5929, -0.392829, 1.70194, -0.022639
1.69566, 0.988176, -23.9585, -0.636209, 1.91357, 0.002003
1.64465, 1.04123, -23.892, -0.922349, 1.89019, 0.13448
1.60321, 1.0594, -24.0709, -0.967551, 1.74764, 0.141845
1.64326, 1.08647, -24.3842, -0.945306, 1.87827, -0.151509
1.66528, 1.09132, -24.588, -1.03812, 1.86777, -0.15268
1.64686, 1.07322, -24.799, -1.00744, 1.7145, 0.185538
1.66262, 1.06574, -24.598, -0.963052, 1.79122, 0.16982
1.63125, 1.06379, -24.4089, -0.784027, 1.84669, -0.119051
1.58749, 1.07664, -24.6199, -0.779151, 1.65163, -0.120639
1.57591, 1.10433, -24.8743, -0.788545, 1.6268, 0.106474
1.54343, 1.12483, -24.9692, -0.921981, 1.53602, 0.195203
1.51739, 1.13544, -24.8631, -0.984461, 1.60267, 0.095845
1.53885, 1.16315, -24.5597, -1.13633, 1.75764, -0.139297
1.52867, 1.16615, -24.9055, -1.26378, 1.40442, -0.039594
1.48836, 1.13126, -24.9539, -1.12349, 1.1647, 0.160454
1.39247, 1.06278, -24.6361, -0.994466, 1.01181, 0.17587
1.47039, 1.04521, -24.6966, -0.978602, 1.19093, -0.150686
1.53728, 1.05073, -24.5673, -0.915989, 1.49063, -0.196089
1.46993, 1.0453, -24.1727, -0.734087, 1.51116, 0.022639
1.48915, 1.10565, -24.5175, -0.733564, 1.58429, 0.187821
1.51966, 1.18527, -24.7052, -0.866092, 1.70539, 0.132373
1.4728, 1.26509, -24.7004, -0.993438, 1.60014, -0.069521
1.36785, 1.31791, -24.9752, -1.1459, 1.39166, -0.103415
1.35712, 1.38074, -25.0369, -1.19983, 1.38365, 0.114473
1.31986, 1.40894, -24.9962, -1.30638, 1.2043, 0.139705
1.24759, 1.41697, -25.0076, -1.40579, 0.896496, -0.015459
1.20321, 1.41803, -24.7039, -1.46734, 0.718189, 0.045879
1.25313, 1.42057, -24.7853, -1.39926, 0.768412, 0.096816
1.26064, 1.40158, -24.9424, -1.37941, 0.709844, -0.001726
1.22195, 1.40933, -24.625, -1.48125, 0.693103, 0.063754
1.26885, 1.42758, -24.4675, -1.53317, 0.858471, 0.113925
1.37915, 1.45278, -24.6564, -1.72688, 1.25618, -0.137537
1.3609, 1.4448, -24.5153, -1.68407, 1.24562, -0.22503
1.27425, 1.41866, -24.5666, -1.57711, 0.947436, -0.234744
1.31455, 1.42232, -25.0008, -1.62786, 1.01556, -0.101414
1.33656, 1.45466, -24.8531, -1.76352, 1.32955, -0.021047
1.32625, 1.44979, -24.7808, -1.78385, 1.35505, -0.194086
1.31886, 1.44897, -24.7056, -1.82267, 1.32268, -0.078272
1.26934, 1.45082, -24.8132, -1.6185, 1.11822, 0.175963
1.24731, 1.45082, -25.4243, -1.47046, 0.797363, 0.079863
1.17766, 1.45117, -25.5949, -1.4365, 0.53436, -0.098602
1.16805, 1.46605, -25.2784, -1.43971, 0.516522, 0.002595
1.23006, 1.48695, -25.4422, -1.45251, 0.725615, 0.085296
1.32841, 1.54582, -25.6703, -1.5764, 1.33515, 0.059954
1.42542, 1.61328, -24.9963, -1.67625, 1.65405, 0.105165
1.38577, 1.65776, -25.1474, -1.49368, 1.3329, 0.052179
1.29931, 1.78146, -26.4555, -1.60101, 0.976033, 0.078855
1.21884, 1.91039, -26.8091, -1.8091, 0.875249, 0.236665
1.24685, 2.01165, -26.8598, -2.25132, 1.15153, 0.24541
1.35549, 2.05675, -27.058, -2.71513, 1.43108, -0.100908
1.30025, 1.97416, -26.5561, -2.77304, 1.13139, -0.19519
1.19762, 1.82656, -26.398, -2.50618, 0.618113, -0.098278
1.17716, 1.70199, -26.821, -2.10387, 0.329371, -0.04869
1.20571, 1.6146, -26.6341, -1.87616, 0.406553, 0.065841
1.32874, 1.58351, -26.2931, -1.74784, 0.756663, 0.194536
1.4752, 1.6231, -25.9375, -1.72376, 1.16417, 0.21226
1.45453, 1.68482, -26.3621, -1.52006, 1.14338, 0.111816
1.47998, 1.79676, -27.3245, -1.54915, 1.12271, 0.052702
1.49445, 1.90121, -27.3219, -1.77163, 1.35085, 0.064092
1.48481, 1.98084, -26.5911, -2.09526, 1.55465, 0.229326
1.54033, 2.0771, -27.0877, -2.40925, 1.5945, 0.165565
1.51622, 2.09271, -27.2579, -2.67445, 1.3921, -0.196744
1.38776, 2.00761, -27.0419, -2.60553, 0.888899, -0.163516
1.34406, 1.93179, -27.3522, -2.41897, 0.573762, 0.096029
1.41419, 1.88148, -27.3396, -2.42022, 0.861538, 0.135649
1.60819, 1.83368, -26.8863, -2.52018, 1.4364, -0.119992
1.65836, 1.74893, -26.6362, -2.25334, 1.38255, -0.241404
1.51229, 1.73536, -26.9736, -1.84531, 0.927706, 0.016025
1.51738, 1.7969, -27.4304, -1.73399, 0.955673, 0.192152
1.59081, 1.82975, -27.3772, -1.7731, 1.32041, 0.104388
1.6197, 1.86454, -27.0316, -2.1301, 1.62806, -0.176179
1.59708, 1.88839, -27.0707, -2.32647, 1.51353, -0.185998
1.57967, 1.92616, -27.1296, -2.32099, 1.59253, 0.142994
1.50123, 1.90531, -27.2761, -1.88452, 1.30761, -0.027437
1.43993, 1.96149, -28.0223, -1.96241, 1.09582, -0.165802
1.46313, 2.06925, -28.513, -2.12038, 1.2996, -0.080139
1.48945, 2.19063, -28.7471, -2.34683, 1.57734, 0.064222
1.45301, 2.2905, -28.9123, -2.4901, 1.60082, 0.010289
1.41539, 2.4158, -28.9393, -2.73302, 1.65075, -0.047403
1.37876, 2.57142, -28.8553, -2.8513, 1.50876, -0.039997
1.28767, 2.69492, -28.9246, -2.88497, 1.0806, 0.169631
1.16114, 2.79965, -28.9648, -3.00216, 0.597415, 0.243945
1.02649, 2.8439, -29.1311, -3.12335, 0.274855, 0.096522
1.16854, 2.87078, -28.2, -3.48221, 0.805862, -0.086003
1.24091, 2.85655, -27.7263, -3.92098, 1.00301, 0.197885
1.27401, 2.7316, -27.0585, -3.9035, 0.954467, 0.064782
1.23254, 2.57955, -26.4104, -3.58755, 0.661998, -0.218465
1.08105, 2.46888, -26.7589, -3.28618, 0.160121, -0.2653
1.12342, 2.43228, -27.2305, -3.29687, 0.176234, -0.026737
1.24067, 2.37983, -26.7341, -3.28335, 0.802683, 0.152173
1.40921, 2.3165, -25.9024, -3.18521, 1.34657, -0.065159
1.38062, 2.32081, -26.3017, -2.9587, 1.19162, -0.226346
1.31162, 2.3341, -26.0624, -2.63309, 0.964555, 0.028171
1.30075, 2.40227, -26.7371, -2.62162, 0.902914, 0.193955
1.39091, 2.48173, -27.6018, -3.02079, 1.27056, 0.263374
1.46877, 2.52705, -27.1437, -3.55979, 1.69182, -0.068854
1.52229, 2.47036, -26.3181, -3.59441, 1.72894, -0.14158
1.5107, 2.38172, -26.4058, -3.40139, 1.38893, -0.175895
1.35775, 2.3046, -26.9076, -3.04961, 0.739195, 0.010278
1.29545, 2.27117, -27.4613, -2.8356, 0.503034, 0.111831
1.43074, 2.24471, -27.3872, -2.90769, 0.899165, 0.146177
1.56351, 2.22591, -26.7419, -3.14011, 1.36296, -0.151304
1.50289, 2.19742, -26.8222, -2.99878, 0.991899, -0.201257
1.42803, 2.13214, -26.7135, -2.76393, 0.667219, 0.054884
1.45701, 2.1112, -26.9753, -2.71344, 0.852111, 0.14345
1.59648, 2.15095, -27.2654, -2.89439, 1.36901, -0.116872
1.65667, 2.15416, -26.5743, -2.95974, 1.80486, -0.214588
1.61423, 2.1105, -26.1957, -2.71737, 1.73948, -0.180903
1.5373, 2.10151, -26.9291, -2.31501, 1.2647, 0.112372
1.47527, 2.15045, -26.8374, -2.3141, 1.25679, 0.158195
1.49193, 2.19335, -26.7898, -2.42893, 1.45903, 0.086673
1.60394, 2.2851, -27.4935, -2.92598, 1.86315, -0.079579
1.65023, 2.31037, -27.0589, -3.2717, 2.0821, -0.009213
1.60578, 2.26191, -26.4368, -3.19633, 1.92123, -0.130951
1.4762, 2.22845, -27.3469, -2.82561, 1.11413, -0.185166
1.30303, 2.24181, -27.9662, -2.67233, 0.596006, 0.02278
1.26565, 2.25589, -28.1, -2.6757, 0.621237, 0.153034
1.46588, 2.28951, -27.9054, -3.02974, 1.44829, 0.184866
1.54455, 2.28991, -27.5738, -3.1462, 1.79494, -0.046257
1.53501, 2.27606, -27.2943, -3.01701, 1.67005, -0.091296
1.42373, 2.27268, -27.6207, -2.59182, 1.21101, -0.044318
1.38781, 2.33402, -28.407, -2.59674, 1.144, 0.080569
1.52899, 2.40006, -28.6161, -2.96382, 1.63152, 0.213782
1.56751, 2.43174, -28.594, -3.44228, 1.8794, 0.143085
1.57971, 2.40737, -28.2631, -3.57781, 1.86125, -0.064051
1.55633, 2.36179, -28.2308, -3.38606, 1.69843, -0.111324
1.47097, 2.32306, -28.8507, -2.86506, 1.12216, -0.075423
1.42159, 2.31874, -29.4387, -2.79765, 0.989927, 0.149555
1.44915, 2.34048, -29.0163, -3.05248, 1.46291, 0.211878
1.58978, 2.35892, -28.4919, -3.22613, 1.9358, -0.00714
1.61879, 2.36271, -28.6851, -3.20303, 1.85457, -0.093063
1.4139, 2.34366, -28.6345, -2.93978, 0.986822, -0.042702
1.36079, 2.35928, -29.2524, -2.98426, 0.767778, 0.124298
1.44612, 2.35219, -29.5282, -3.29569, 1.10184, 0.120039
1.55653, 2.28249, -28.7766, -3.47344, 1.69585, -0.037451
1.61873, 2.20647, -27.9978, -3.30226, 1.77447, 0.006969
1.49161, 2.11626, -27.9774, -2.72783, 1.11643, 0.016677
1.42009, 2.08179, -28.1896, -2.28879, 1.0083, -0.023773
1.41467, 2.14471, -28.7168, -2.28187, 1.15769, 0.094173
1.49441, 2.25292, -28.6474, -2.71279, 1.7293, 0.187828
1.52486, 2.32022, -28.3003, -3.01972, 1.95756, 0.047515
1.49791, 2.33454, -28.5209, -3.16601, 1.84923, -0.071528
1.36002, 2.31937, -28.6284, -3.07038, 1.49414, -0.078563
1.32145, 2.34, -28.6686, -3.01982, 1.51912, 0.16877
1.4489, 2.37071, -28.8036, -3.22518, 1.73698, 0.064755
1.38935, 2.34037, -28.8803, -3.5293, 1.43153, -0.099734
1.32752, 2.27638, -28.3087, -3.45829, 1.28936, 0.023884
1.35959, 2.19382, -28.3362, -3.24296, 1.22649, -0.085346
1.32913, 2.10426, -28.2671, -2.89355, 0.949581, -0.148965
1.21517, 2.05785, -28.4016, -2.66023, 0.651335, -0.044562
1.20801, 2.05701, -28.1665, -2.42351, 0.807138, 0.165016
1.24452, 2.11058, -27.9762, -2.56512, 1.41989, 0.203418
1.34619, 2.20875, -28.2323, -2.87011, 1.77257, -0.050986
1.2936, 2.26792, -28.373, -2.92491, 1.62711, -0.124163
1.17104, 2.28952, -28.2156, -2.70596, 1.26161, 0.076423
1.08332, 2.3483, -28.7867, -2.71707, 0.887515, 0.164613
0.997007, 2.39645, -29.2757, -2.77212, 0.774295, 0.003743
1.0704, 2.44763, -28.9038, -3.04215, 1.21668, -0.011983
1.21725, 2.53977, -29.064, -3.42442, 1.52649, 0.140659
1.2043, 2.53217, -28.6385, -3.3101, 1.37833, 0.140286
1.08311, 2.53649, -28.5968, -2.95352, 0.842135, 0.177184
1.01133, 2.6538, -29.4533, -2.9513, 0.492119, 0.216311
0.937669, 2.78668, -30.024, -3.13986, 0.513136, 0.223186
1.04029, 2.90491, -29.3498, -3.63899, 1.21102, 0.117057
1.20285, 2.97688, -28.6593, -3.97054, 1.56007, 0.056429
1.1694, 3.01031, -28.3868, -4.10177, 1.41383, 0.014617
0.922792, 2.9918, -28.6365, -4.02767, 0.459142, -0.014923
0.756739, 2.94883, -28.812, -3.63062, 0.028033, 0.103008
0.834012, 2.98725, -29.1831, -3.69296, 0.49538, 0.134868
1.06158, 3.03688, -28.5309, -4.32377, 1.24749, -0.021393
1.068, 3.01788, -27.9931, -4.46958, 1.21751, 0.010387
1.0932, 2.96615, -28.026, -4.28522, 0.749028, 0.083825
0.881983, 2.8762, -28.6226, -3.72955, 0.095067, -0.037292
0.791015, 2.87966, -29.0481, -3.73472, -0.010911, -0.085916
1.10714, 2.95466, -28.9007, -4.31785, 1.06383, 0.06851
1.27317, 2.92782, -28.0395, -4.4585, 1.47623, 0.031758
1.16543, 2.79821, -27.5366, -4.23515, 0.879153, -0.102922
1.03661, 2.70825, -28.1183, -3.76932, 0.346206, -0.153976
1.02967, 2.6393, -28.3148, -3.55757, 0.293872, -0.086261
1.17181, 2.67384, -28.208, -4.0124, 0.998194, -0.023554
1.43025, 2.64767, -27.4514, -4.04138, 1.73547, -0.040435
1.44736, 2.61142, -27.2992, -3.8508, 1.72575, -0.110304
1.27772, 2.56258, -27.6988, -3.43447, 1.01629, -0.128713
1.18582, 2.59515, -28.2486, -3.19421, 0.912012, -0.015415
1.24922, 2.65902, -28.081, -3.44646, 1.49858, 0.021355
1.39213, 2.75308, -28.1121, -3.88029, 1.87098, -0.058684
1.37634, 2.78281, -28.1444, -4.16351, 1.71213, -0.108969
1.32809, 2.73689, -27.6051, -4.10535, 1.32995, -0.084527
1.18261, 2.63058, -27.5417, -3.51046, 0.633555, -0.054248
1.03331, 2.57261, -28.4297, -3.48024, 0.239738, -0.120596
1.24001, 2.58082, -28.0211, -3.97022, 0.997153, -0.1375
1.50409, 2.46066, -26.7829, -3.92229, 1.7457, -0.083211
1.57577, 2.31924, -26.2511, -3.64162, 1.77086, -0.130599
1.4505, 2.16135, -26.49, -3.18969, 1.24117, -0.168219
1.35092, 2.09701, -26.8425, -2.7874, 0.890599, -0.117287
1.40848, 2.08242, -27.0018, -2.68203, 1.06467, -0.043019
1.58183, 2.12293, -26.8321, -2.82316, 2.00058, 0.012781
1.76298, 2.17158, -26.635, -3.09645, 2.47801, -0.057804
1.7607, 2.1766, -26.5895, -3.13747, 2.43253, -0.088356
1.57498, 2.16251, -26.3072, -2.95867, 1.99349, -0.069385
1.42795, 2.13364, -27.0623, -2.5819, 1.58727, -0.017794
1.51806, 2.17332, -27.5385, -2.68578, 1.88066, -0.003986
1.54295, 2.21412, -27.2493, -2.99613, 2.11297, -0.044296
1.51671, 2.21938, -26.8118, -3.19355, 2.00119, -0.084668
1.504, 2.21225, -27.1433, -3.1585, 1.76901, -0.079457
1.4242, 2.16364, -27.0018, -2.9387, 1.29824, -0.056557
1.33027, 2.13375, -26.8352, -2.85111, 1.04162, -0.038777
1.35413, 2.13928, -27.0105, -2.96873, 1.07876, -0.019767
1.40447, 2.1061, -26.7431, -3.10269, 1.33151, -0.082066
1.40638, 2.05001, -26.4273, -3.06272, 1.3998, -0.108097
1.38633, 1.9848, -26.4767, -2.84185, 1.1484, -0.133772
1.38115, 1.9632, -26.6147, -2.59803, 1.0906, -0.057798
1.44223, 1.9541, -26.3506, -2.44566, 1.34261, 0.040457
1.46427, 1.99249, -26.4668, -2.43006, 1.71472, 0.015468
1.53635, 2.02691, -26.4397, -2.61511, 2.00666, -0.052525
1.55213, 2.07221, -26.2555, -2.81569, 2.01351, -0.051632
1.41674, 2.06641, -26.3086, -2.70205, 1.35373, 0.004863
1.31323, 2.05464, -26.6416, -2.5813, 0.984941, -0.006423
1.36425, 2.05403, -26.6522, -2.71627, 1.1475, -0.072735
1.46208, 2.067, -26.3433, -3.03779, 1.64041, -0.108331
1.5143, 2.0725, -25.9078, -3.06785, 1.94378, -0.046946
1.51394, 2.06223, -25.7586, -2.81589, 1.90616, 0.003661
1.3917, 2.01196, -26.0005, -2.30754, 1.41624, -0.064288
1.31639, 2.02321, -26.1273, -2.30221, 1.16467, -0.089882
1.32103, 2.09539, -25.986, -2.41355, 1.39094, -0.025242
1.40301, 2.17457, -26.1149, -2.77211, 1.76633, 0.080427
1.4417, 2.22934, -26.3289, -2.94222, 1.87004, 0.018888
1.42486, 2.21594, -25.8758, -2.97021, 1.83832, -0.061537
1.3601, 2.23461, -26.476, -2.80718, 1.33721, -0.139934
1.26482, 2.24917, -27.0932, -2.75019, 0.880247, -0.06742
1.20679, 2.25761, -27.0634, -2.85615, 0.83806, 0.011898
1.33434, 2.25234, -26.5866, -3.26757, 1.17525, 0.014106
1.45956, 2.22558, -26.5199, -3.38094, 1.49192, -0.096294
1.44103, 2.13649, -25.8782, -3.25487, 1.44222, -0.159198
1.36694, 2.0924, -26.0663, -2.95341, 1.08812, -0.114767
1.35161, 2.05149, -26.2586, -2.65678, 1.04013, -0.050065
1.40819, 2.05826, -26.6204, -2.47023, 1.43788, -0.017359
1.4622, 2.10689, -26.936, -2.50416, 1.64173, -0.047685
1.49926, 2.18431, -26.9059, -2.74733, 1.89258, -0.062744
1.51023, 2.22643, -26.882, -2.819, 1.88583, -0.052085
1.43428, 2.22299, -27.4059, -2.75291, 1.47996, -0.035532
1.34472, 2.24085, -27.2575, -3.00228, 1.15555, -0.04973
1.41612, 2.24503, -27.0313, -3.44209, 1.4041, -0.096945
1.51388, 2.17133, -26.9392, -3.36168, 1.63782, -0.112737
1.501, 2.09452, -26.4226, -3.16594, 1.57802, -0.116572
1.45773, 2.03021, -26.2582, -2.84715, 1.24138, -0.066487
1.43304, 1.9997, -26.6487, -2.51817, 1.13838, -0.044165
1.42187, 2.01391, -26.5657, -2.38903, 1.36511, -0.028075
1.46367, 2.08402, -26.702, -2.58326, 1.81921, -0.007734
1.59917, 2.19858, -27.0855, -3.02815, 2.18798, -0.001048
1.60314, 2.2212, -26.9162, -3.18214, 2.1157, -0.054311
1.42698, 2.17188, -27.0074, -3.06101, 1.20851, -0.10666
1.3607, 2.15633, -27.2795, -2.92029, 0.924192, -0.089147
1.37675, 2.16035, -27.5241, -2.95136, 0.991951, -0.030875
1.50108, 2.14742, -27.2872, -3.17659, 1.35235, 0.013919
1.59035, 2.12278, -27.002, -3.24363, 1.66489, -0.062842
1.61499, 2.1241, -26.5592, -3.12398, 1.60484, -0.086086
1.53776, 2.09033, -26.4969, -2.739, 1.26056, -0.021738
1.53513, 2.11553, -26.307, -2.55419, 1.46101, 0.079369
1.5507, 2.18847, -26.6068, -2.60689, 1.76673, 0.047644
1.5722, 2.24566, -27.0741, -2.71609, 1.89625, -0.007663
1.64184, 2.31216, -26.8064, -2.97897, 2.17218, -0.015465
1.62933, 2.37176, -26.2788, -3.12956, 2.24234, 0.031409
1.61559, 2.4256, -26.4321, -3.03705, 2.09689, 0.084913
1.53575, 2.46395, -27.0426, -2.96462, 1.7158, 0.024441
1.44919, 2.5013, -26.9661, -3.0101, 1.39362, 0.006932
1.38684, 2.55522, -26.917, -3.15593, 1.23998, 0.053426
1.42829, 2.563, -26.7382, -3.49688, 1.38461, 0.023255
1.50397, 2.53798, -26.3131, -3.85217, 1.54753, -0.059563
1.47995, 2.44843, -25.8391, -3.65556, 1.35554, -0.089183
1.45351, 2.37273, -25.8289, -3.37515, 1.15187, -0.073361
1.46195, 2.31263, -26.1791, -3.11653, 1.07843, -0.041463
1.48032, 2.27976, -26.4528, -2.8563, 1.11069, 0.005532
1.51297, 2.27835, -26.2328, -2.82077, 1.34884, 0.046971
1.60708, 2.31545, -25.9825, -3.10072, 1.95244, 0.006056
1.67759, 2.35011, -26.128, -3.28827, 2.1819, -0.038136
1.65138, 2.33896, -26.0933, -3.14156, 2.07335, -0.054999
1.55728, 2.31856, -26.3691, -2.81429, 1.81296, -0.057316
1.58998, 2.34301, -26.6727, -2.84543, 1.86719, -0.020685
1.53363, 2.36984, -26.7627, -3.02747, 1.94171, 0.034063
1.48709, 2.4029, -26.4937, -3.27976, 1.81642, 0.033502
1.44017, 2.40463, -27.036, -3.48055, 1.36635, -0.088024
1.42641, 2.36132, -27.0155, -3.38667, 1.11606, -0.114149
1.40105, 2.30412, -27.0504, -3.39722, 1.19759, -0.062419
1.50659, 2.31126, -27.6731, -3.52893, 1.62135, -0.02335
1.67074, 2.28498, -27.8317, -3.48816, 1.8682, -0.062753
1.59741, 2.17795, -27.3118, -3.03959, 1.33526, -0.093691
1.49609, 2.10663, -27.5588, -2.75277, 0.931044, -0.083304
1.56148, 2.10452, -28.6292, -2.79251, 1.01952, -0.03684
1.72238, 2.06739, -27.9461, -3.07319, 1.58501, 0.000385
1.7922, 1.98277, -27.1196, -3.08724, 1.8903, -0.108973
1.82828, 1.89924, -27.0384, -2.87679, 1.838, -0.126446
1.75384, 1.80761, -26.8225, -2.32249, 1.51141, -0.074039
1.64777, 1.75533, -27.0095, -1.82639, 1.45722, 0.000745
1.69656, 1.85538, -27.9184, -1.93016, 1.80992, 0.02747
1.76012, 2.0107, -27.8061, -2.36995, 2.34521, -0.016691
1.78623, 2.11298, -27.3721, -2.7283, 2.54233, -0.04423
1.7455, 2.164, -27.8397, -2.87738, 2.41111, -0.047547
1.52033, 2.15935, -28.0757, -2.57483, 1.65477, -0.02621
1.35566, 2.13496, -28.0112, -2.55135, 1.0141, -0.012598
1.34241, 2.11511, -28.527, -2.79307, 0.910501, -0.088948
