Fx [N], Fy [N], Fz [N], Mx [Nm], My [Nm], Mz [Nm]
0.268837, 0.38002, -2.00525, 0.109583, -0.329803, -0.021318
0.260263, 0.391217, -2.082, 0.060094, -0.386006, -0.02667
0.24249, 0.40915, -2.16739, 0.009588, -0.424793, -0.055657
0.238615, 0.419723, -2.26643, -0.024355, -0.452808, -0.067178
0.229526, 0.428628, -2.3472, -0.038227, -0.458658, -0.075092
0.228778, 0.425807, -2.36564, -0.073987, -0.469901, -0.084425
0.226, 0.43096, -2.42207, -0.110449, -0.466965, -0.080309
0.222674, 0.444357, -2.51461, -0.12467, -0.479583, -0.073875
0.222861, 0.44435, -2.59106, -0.124834, -0.484374, -0.071886
0.212267, 0.445035, -2.67192, -0.156345, -0.473419, -0.081226
0.213681, 0.444547, -2.73246, -0.143016, -0.473656, -0.089315
0.194972, 0.446426, -2.8109, -0.139266, -0.460188, -0.08778
0.189812, 0.439402, -2.95385, -0.131293, -0.45775, -0.091131
0.158475, 0.441242, -3.26774, -0.118494, -0.52338, -0.093651
0.143086, 0.443204, -3.49165, -0.122075, -0.561807, -0.116105
0.114454, 0.457694, -3.78962, -0.139873, -0.608174, -0.117598
0.090392, 0.463301, -4.1121, -0.143869, -0.6563, -0.137749
0.080322, 0.461443, -4.46781, -0.14282, -0.692202, -0.114931
0.05554, 0.479131, -4.79701, -0.225688, -0.762575, -0.065622
0.034966, 0.498949, -5.0246, -0.282295, -0.800307, -0.061821
0.017802, 0.496898, -5.30064, -0.271815, -0.846588, -0.078789
0.003954, 0.495191, -5.72194, -0.261459, -0.864367, -0.02099
-0.007251, 0.471281, -6.1457, -0.213868, -0.905123, 0.006422
-0.061193, 0.472753, -6.83559, -0.210265, -0.943898, 0.024189
-0.095832, 0.494071, -7.51837, -0.289397, -0.942576, 0.024183
-0.128108, 0.503256, -7.94913, -0.348857, -0.939993, -0.050351
-0.163622, 0.47519, -8.03929, -0.304139, -0.978065, -0.136503
-0.192102, 0.462536, -8.40944, -0.264216, -1.06659, -0.143017
-0.253752, 0.479108, -9.20133, -0.292307, -1.23169, -0.098046
-0.312007, 0.475156, -9.90216, -0.243093, -1.40105, 0.035071
-0.315657, 0.456703, -10.2213, -0.197556, -1.46745, 0.059929
-0.301291, 0.454286, -10.5659, -0.177081, -1.50338, 0.042892
-0.302888, 0.47972, -11.2122, -0.220978, -1.49073, 0.054051
-0.346148, 0.530832, -11.9541, -0.395411, -1.40409, 0.04558
-0.427044, 0.540558, -12.3862, -0.45514, -1.36632, -0.087207
-0.470335, 0.481298, -12.4714, -0.299111, -1.36684, -0.158187
-0.516163, 0.421841, -12.5648, -0.21169, -1.33958, -0.133233
-0.619168, 0.412955, -12.7633, -0.212631, -1.39884, -0.118565
-0.733057, 0.385234, -13.0993, -0.133255, -1.47637, -0.149144
-0.834848, 0.342988, -13.3952, -0.054372, -1.54244, -0.183179
-0.919739, 0.318624, -13.3338, -0.024065, -1.58955, -0.246931
-0.990434, 0.262662, -13.3628, 0.116423, -1.60101, -0.239619
-1.13398, 0.269661, -14.0421, 0.107836, -1.68363, -0.042765
-1.28954, 0.296666, -14.4564, 0.00417, -1.77116, -0.111708
-1.41909, 0.24663, -14.5417, 0.06681, -1.86215, -0.271539
-1.4911, 0.242558, -14.7005, 0.005246, -1.93542, -0.264086
-1.61214, 0.313187, -15.0269, -0.197647, -2.13363, -0.26243
-1.67614, 0.312798, -15.1154, -0.227818, -2.28377, -0.187185
-1.6963, 0.278739, -15.1707, -0.252833, -2.51724, 0.010598
-1.69869, 0.269911, -15.2134, -0.264353, -2.81177, -0.03047
-1.67886, 0.226348, -15.3432, -0.085119, -3.04301, -0.118261
-1.62254, 0.18948, -15.5361, 0.048049, -3.18472, -0.050499
-1.53446, 0.165417, -15.5464, 0.122581, -3.20649, 0.019044
-1.40133, 0.157893, -15.3073, 0.185583, -3.16022, 0.005647
-1.30897, 0.130952, -15.7732, 0.276037, -3.12797, 0.052544
-1.22396, 0.173113, -16.1323, 0.134578, -3.04766, 0.068352
-1.13256, 0.167656, -15.7773, 0.090526, -2.85312, 0.039698
-1.03035, 0.09261, -15.2336, 0.189131, -2.64606, -0.128044
-0.930935, 0.05376, -14.9918, 0.291061, -2.5286, -0.122837
-0.882048, 0.031546, -14.9594, 0.413844, -2.54772, -0.045721
-0.791059, 0.007767, -14.8642, 0.578063, -2.42829, -0.034074
-0.658833, -0.008539, -14.7641, 0.64361, -2.25782, -0.0423
-0.548654, 0.036308, -15.047, 0.617284, -2.10612, -0.046941
-0.369859, 0.079082, -15.4337, 0.594326, -1.81143, -0.000874
-0.208587, 0.14056, -15.4909, 0.453347, -1.5455, 0.037278
-0.055383, 0.152304, -15.0367, 0.420147, -1.26618, -0.036534
0.128247, 0.15132, -14.9091, 0.45014, -0.981566, -0.050861
0.307343, 0.209666, -15.014, 0.288642, -0.684208, 0.018231
0.418966, 0.300962, -14.8348, 0.106954, -0.469519, 0.00838
0.545623, 0.280927, -14.8751, 0.195786, -0.275551, -0.064351
0.701755, 0.27583, -15.1839, 0.256107, -0.011151, 0.016663
0.770805, 0.313879, -14.8275, 0.227034, 0.149316, 0.049796
0.785438, 0.284441, -14.4796, 0.359746, 0.303793, 0.017976
0.873117, 0.274948, -14.964, 0.440464, 0.458914, -0.027702
0.897584, 0.321218, -15.1767, 0.379102, 0.57363, -0.053378
0.863763, 0.32627, -15.062, 0.366936, 0.627006, -0.139231
0.910084, 0.335941, -15.5973, 0.28214, 0.806038, -0.011326
0.862101, 0.380688, -16.0042, 0.039026, 0.925628, -0.0551
0.702271, 0.361608, -15.5263, -0.016456, 0.666486, -0.141979
0.555125, 0.341355, -15.0872, -0.029451, 0.408169, -0.171856
0.365552, 0.32379, -15.0924, 0.007609, 0.101011, -0.187203
0.197108, 0.260261, -15.3406, 0.133534, -0.172287, -0.200968
0.14068, 0.202105, -15.6962, 0.287596, -0.358022, -0.22249
0.115159, 0.227628, -15.3791, 0.258122, -0.418453, -0.007952
0.116234, 0.167538, -14.8801, 0.587356, -0.521027, -0.003867
0.158299, 0.12864, -15.2679, 0.694534, -0.563562, 0.006154
0.154231, 0.171629, -15.6369, 0.55902, -0.48116, 0.016926
0.116418, 0.20988, -15.4621, 0.45089, -0.349692, -0.140116
0.086515, 0.172913, -15.7882, 0.552517, -0.426613, -0.17131
0.050857, 0.177406, -16.3775, 0.479328, -0.456436, -0.057109
-0.030389, 0.235657, -16.1616, 0.304598, -0.549668, -0.015452
-0.116639, 0.188116, -16.2385, 0.403472, -0.698509, -0.160416
-0.147428, 0.186984, -16.9088, 0.343008, -0.836669, -0.162186
-0.166499, 0.270364, -16.5784, 0.052507, -0.888863, -0.012125
-0.2219, 0.268058, -15.9674, 0.033739, -0.991831, -0.149253
-0.214574, 0.246974, -16.405, 0.05216, -1.16119, -0.026719
-0.215452, 0.253838, -16.6033, 0.016206, -1.17131, 0.018636
-0.22871, 0.2521, -16.1974, 0.094584, -1.10213, -0.022655
-0.210047, 0.191875, -16.3862, 0.350603, -1.19104, -0.141954
-0.207067, 0.19671, -16.7747, 0.29944, -1.29621, 0.029166
-0.236313, 0.249434, -16.5095, 0.124815, -1.2752, -0.039957
-0.226216, 0.233517, -16.4406, 0.17626, -1.3697, -0.123479
-0.202825, 0.242798, -17.0067, 0.123843, -1.39277, -0.042901
-0.18769, 0.302605, -16.8394, -0.078674, -1.24368, 0.018347
-0.196388, 0.309916, -16.1811, -0.064361, -1.08149, -0.143267
-0.182153, 0.237355, -16.3893, 0.062339, -1.10955, -0.126135
-0.173373, 0.274051, -16.8153, -0.074393, -1.06812, 0.02535
-0.220881, 0.300975, -16.4623, -0.029015, -0.881607, -0.027934
-0.261489, 0.223823, -16.2228, 0.164633, -0.90902, -0.165613
-0.293913, 0.176006, -16.6405, 0.277044, -0.966552, -0.155545
-0.368328, 0.197707, -16.6558, 0.214664, -1.04572, -0.036617
-0.442793, 0.21698, -16.6514, 0.205891, -1.14096, -0.116804
-0.494243, 0.157321, -17.0793, 0.255919, -1.25335, -0.112729
-0.546515, 0.15498, -17.0068, 0.217911, -1.32993, -0.031522
-0.594879, 0.184371, -16.5106, 0.204805, -1.42067, -0.169621
-0.640718, 0.185898, -17.0842, 0.180669, -1.61167, -0.174363
-0.671108, 0.206503, -17.7002, 0.229549, -1.69707, -0.014776
-0.670092, 0.153614, -17.3304, 0.555243, -1.69489, -0.021077
-0.642302, 0.115073, -17.1806, 0.611451, -1.77003, -0.00474
-0.64608, 0.189557, -17.4254, 0.266837, -1.70795, 0.017731
-0.672707, 0.203287, -17.1002, 0.071157, -1.56237, -0.149949
-0.68508, 0.17779, -17.0334, 0.128027, -1.67464, -0.160435
-0.69632, 0.171562, -17.2491, 0.042315, -1.928, -0.091723
-0.674378, 0.180677, -17.0428, 0.21119, -2.08525, -0.000601
-0.611487, 0.131015, -16.9144, 0.455415, -2.10458, -0.061532
-0.559767, 0.147901, -17.3643, 0.332635, -2.04489, 0.016836
-0.492339, 0.259776, -17.3778, 0.056527, -1.95562, -0.047934
-0.407104, 0.288845, -17.0884, 0.05661, -1.81151, -0.129268
-0.272453, 0.265736, -17.0402, 0.178275, -1.63112, -0.126249
-0.182029, 0.292227, -17.4786, 0.127655, -1.46668, 0.014295
-0.111066, 0.374818, -17.3363, 0.002707, -1.32932, 0.040349
-0.046231, 0.34209, -16.7586, 0.141487, -1.20592, -0.058581
0.046527, 0.278468, -16.9655, 0.253752, -1.07589, -0.050166
0.109273, 0.366498, -17.2006, 0.030247, -0.944988, 0.0395
0.083503, 0.43624, -16.8081, -0.131377, -0.871826, -0.010524
0.094972, 0.358837, -16.794, 0.080587, -0.763314, -0.132299
0.137924, 0.325477, -17.0504, 0.190955, -0.670377, -0.004613
0.10922, 0.374727, -16.8092, 0.122576, -0.466321, 0.009293
0.071696, 0.391906, -16.5691, 0.077571, -0.463862, -0.135627
0.044255, 0.344171, -17.2297, 0.097653, -0.537769, -0.165099
0.000641, 0.381149, -17.2673, 0.0141, -0.518827, -0.037668
-0.078998, 0.400615, -16.6414, -0.006923, -0.600379, -0.141126
-0.134098, 0.337444, -16.6272, 0.099639, -0.71556, -0.180536
-0.196718, 0.335252, -16.9668, 0.042981, -0.786717, -0.072243
-0.294858, 0.376149, -16.8184, -0.057275, -0.918282, -0.094536
-0.35853, 0.35658, -16.5943, -4.2e-05, -1.05206, -0.182848
-0.398073, 0.337881, -17.0607, -0.029132, -1.14077, -0.077521
-0.472577, 0.393441, -17.1586, -0.180815, -1.23091, -0.03024
-0.565343, 0.396168, -16.8575, -0.143647, -1.28882, -0.17133
-0.611235, 0.321513, -16.9087, 0.00969, -1.36412, -0.172522
-0.710348, 0.284271, -17.304, 0.015204, -1.47415, -0.060976
-0.835552, 0.324512, -17.4695, -0.018602, -1.64177, -0.092491
-0.914122, 0.286656, -17.5274, 0.052677, -1.7868, -0.196095
-0.981053, 0.271868, -17.8626, 0.058824, -1.87399, -0.085183
-1.04031, 0.329089, -17.7038, -0.057695, -1.88526, -0.073165
-1.12844, 0.319935, -17.4991, -0.024351, -1.96404, -0.211639
-1.21457, 0.260052, -17.5949, 7.2e-05, -2.02265, -0.204652
-1.3672, 0.260785, -17.9193, -0.07255, -2.12842, -0.146616
-1.49804, 0.264149, -17.7755, -0.107265, -2.23256, -0.212623
-1.59173, 0.213162, -17.6462, -0.093873, -2.28291, -0.221444
-1.70862, 0.215542, -17.6862, -0.219221, -2.40145, -0.212961
-1.82064, 0.258796, -17.7613, -0.30908, -2.50898, -0.238117
-1.90551, 0.237313, -17.9501, -0.101633, -2.72169, -0.280055
-1.98161, 0.151007, -18.4745, 0.192704, -3.07089, -0.162996
-2.00223, 0.185429, -18.5619, 0.118241, -3.22714, -0.021353
-2.00989, 0.256373, -18.3511, -0.156037, -3.1915, 0.01283
-1.97582, 0.252629, -18.1201, -0.353713, -3.30823, -0.1566
-1.93074, 0.195758, -18.0046, -0.272884, -3.5344, -0.15711
-1.91335, 0.244646, -18.1449, -0.261571, -3.64978, 0.039956
-1.8506, 0.291269, -18.1029, -0.307766, -3.6857, 0.051604
-1.76904, 0.21899, -17.8647, -0.102427, -3.67985, -0.040836
-1.64126, 0.157933, -17.9003, 0.117822, -3.61148, 0.046142
-1.6002, 0.215474, -18.3591, -0.023957, -3.56241, 0.095197
-1.54514, 0.25547, -18.1388, -0.258025, -3.37306, 0.110377
-1.45627, 0.169528, -17.5328, -0.267047, -3.08189, -0.042724
-1.45822, 0.144953, -17.6218, -0.301698, -2.88725, -0.045772
-1.53239, 0.210274, -17.9372, -0.455757, -2.79849, 0.017151
-1.56722, 0.156912, -17.7032, -0.326277, -2.71477, -0.077103
-1.54744, 0.009297, -17.4567, 0.250574, -2.67315, -0.152805
-1.5881, -0.05471, -17.795, 0.582319, -2.90727, -0.07272
-1.59075, 0.003102, -17.7947, 0.543774, -3.09602, 0.029631
-1.62417, 0.008275, -17.9674, 0.510383, -3.21046, 0.041296
-1.6526, 0.009023, -18.451, 0.476053, -3.45534, -0.075135
-1.62109, 0.058019, -18.3169, 0.214752, -3.52018, 0.02595
-1.55895, 0.101026, -17.938, 0.039431, -3.41054, 0.09274
-1.51825, 0.078808, -17.9338, 0.008986, -3.34513, 0.109133
-1.51345, 0.075655, -18.0261, -0.002169, -3.37041, 0.037992
-1.48973, 0.097758, -17.9091, 0.078846, -3.40059, 0.041235
-1.46072, 0.090786, -18.101, 0.145128, -3.39316, 0.09301
-1.43756, 0.102011, -18.1597, 0.13131, -3.3384, 0.091079
-1.41397, 0.090641, -17.9283, 0.166596, -3.29064, -0.004445
-1.40529, 0.080173, -18.0911, 0.202339, -3.21685, 0.091894
-1.40242, 0.083968, -18.1791, 0.025535, -2.9121, 0.08333
-1.39451, 0.111834, -17.9094, -0.072869, -2.63577, -0.049648
-1.4269, 0.079807, -17.7926, 0.071252, -2.55036, -0.074091
-1.50425, 0.041873, -18.1381, 0.183367, -2.58319, -0.078262
-1.56388, 0.005568, -18.1777, 0.328295, -2.60582, -0.09122
-1.59746, -0.018567, -18.0289, 0.409723, -2.65591, -0.123767
-1.64529, -0.01804, -18.2241, 0.326523, -2.71698, -0.114698
-1.72451, 0.018717, -18.5405, 0.165481, -2.78687, -0.111848
-1.73802, 0.036441, -18.1286, 0.037853, -2.79705, -0.124558
-1.72852, 0.02235, -17.9458, 0.035393, -2.98161, -0.157092
-1.77422, 0.004953, -18.378, 0.046053, -3.23484, 0.010896
-1.7701, 0.052628, -18.2909, -0.107153, -3.14534, 0.0753
-1.76055, 0.032809, -17.9901, -0.134873, -3.07788, -0.053053
-1.75973, -0.013788, -18.0791, -0.027291, -3.29087, -0.110568
-1.7824, 0.023138, -18.3012, -0.04802, -3.42815, 0.030461
-1.7851, 0.041175, -18.2085, 0.052485, -3.52038, 0.015469
-1.78847, -0.017886, -18.5135, 0.360022, -3.64004, -0.09723
-1.79134, 0.003643, -18.7846, 0.345006, -3.57271, 0.02928
-1.74974, 0.055147, -18.3517, 0.225342, -3.12746, 0.008512
-1.67952, -0.01442, -17.8357, 0.515601, -2.8946, -0.168828
-1.69166, -0.104814, -18.0309, 0.824558, -3.15851, -0.165348
-1.73694, -0.052239, -18.3851, 0.74542, -3.40681, 0.008786
-1.74253, 0.015896, -18.3848, 0.595135, -3.52467, 0.051247
-1.70073, -0.015138, -18.2639, 0.629079, -3.58955, -0.042425
-1.64283, -0.042878, -18.1854, 0.634318, -3.60525, -0.041434
-1.5857, -0.020184, -18.0989, 0.540382, -3.59048, 0.067552
-1.5318, 0.003032, -18.2074, 0.412, -3.56883, 0.110631
-1.45403, -0.005066, -18.1701, 0.313877, -3.45601, 0.184132
-1.35047, 0.005005, -17.6999, 0.185341, -3.31343, 0.108156
-1.27261, -0.008224, -17.5203, 0.240644, -3.20969, 0.044805
-1.18173, -0.018612, -17.6401, 0.355893, -3.14166, 0.084116
-1.09832, -0.040789, -17.8137, 0.536745, -3.00215, 0.138717
-1.00654, -0.009369, -17.7545, 0.542111, -2.7778, 0.203996
-0.952807, 0.010094, -17.4744, 0.508979, -2.6115, 0.156731
-0.905793, -0.043362, -17.1407, 0.695119, -2.53112, 0.024771
-0.887455, -0.056396, -17.1237, 0.821059, -2.47661, -0.040172
-0.886715, -0.055063, -17.4889, 0.848439, -2.52697, 0.002665
-0.878324, -0.00727, -17.5649, 0.662642, -2.5173, 0.065715
-0.866175, 0.038406, -17.3502, 0.437262, -2.42339, 0.00051
-0.83816, 0.039485, -17.0417, 0.34133, -2.2232, -0.032973
-0.830949, 0.038138, -17.0445, 0.333716, -2.0515, -0.050518
-0.843445, 0.030624, -17.1077, 0.413125, -1.90787, -0.003055
-0.861801, 0.0104, -17.0989, 0.495677, -1.93537, 0.004627
-0.862724, 0.003089, -16.8005, 0.582001, -1.95942, -0.0767
-0.875915, -0.022819, -16.8615, 0.796506, -2.11653, -0.067047
-0.892189, -0.007279, -17.1857, 0.790146, -2.24894, 0.004626
-0.913666, 0.025637, -17.2551, 0.721853, -2.27731, -0.022125
-0.928995, 0.01089, -17.3139, 0.80202, -2.4245, -0.068348
-0.895302, 0.013786, -17.356, 0.799695, -2.52344, -0.062277
-0.890381, 0.057, -17.4111, 0.650797, -2.54503, 0.025149
-0.882671, 0.096032, -17.3972, 0.520454, -2.5671, 0.042817
-0.842972, 0.076991, -17.5078, 0.605848, -2.53218, 0.040064
-0.811086, 0.10016, -17.436, 0.480924, -2.44995, 0.043189
-0.800433, 0.145536, -17.3362, 0.294205, -2.40051, 0.048996
-0.794234, 0.142439, -17.447, 0.377148, -2.21708, -0.037855
-0.791178, 0.097979, -17.5175, 0.55732, -1.96922, -0.057509
-0.7941, 0.097735, -17.3606, 0.608133, -1.86631, -0.06562
-0.814782, 0.08726, -17.1473, 0.666077, -1.88268, -0.084194
-0.828184, 0.072983, -17.1569, 0.716912, -1.90864, -0.08011
-0.855401, 0.078272, -17.0748, 0.711394, -1.94637, -0.102535
-0.932301, 0.082195, -17.4559, 0.742598, -2.12006, -0.153351
-0.972533, 0.135761, -17.9953, 0.608538, -2.19041, -0.042148
-0.994287, 0.172736, -17.807, 0.37104, -2.1244, -0.035442
-0.990356, 0.167521, -17.2739, 0.275274, -2.22354, -0.127288
-0.98846, 0.176948, -17.5186, 0.18715, -2.65473, -0.106339
-1.00158, 0.243531, -17.9596, 0.083726, -2.75643, -0.002498
-0.997403, 0.262472, -17.9163, 0.10661, -2.74354, 0.040989
-0.943469, 0.208928, -17.9441, 0.248321, -2.69394, 0.036611
-0.918833, 0.216847, -18.0924, 0.209743, -2.62071, -0.004629
-0.909842, 0.251239, -17.9248, 0.08912, -2.39031, -0.026664
-0.899088, 0.213112, -17.9395, 0.350178, -2.02573, -0.072275
-0.943799, 0.176982, -18.0698, 0.510522, -2.02725, -0.087953
-1.00364, 0.176616, -17.9922, 0.574521, -2.08462, -0.062486
-1.0895, 0.189172, -18.1695, 0.493945, -2.15953, -0.068876
-1.21412, 0.222102, -18.4102, 0.319062, -2.25016, -0.104064
-1.3444, 0.222917, -18.5296, 0.268754, -2.43678, -0.153618
-1.40562, 0.222038, -18.7611, 0.306578, -2.58998, -0.177278
-1.41066, 0.251023, -18.6109, 0.130997, -2.58015, -0.092683
-1.45418, 0.270545, -18.2948, 0.041916, -2.52785, -0.07582
-1.49285, 0.245209, -18.2938, 0.092836, -2.58095, -0.140832
-1.5379, 0.197242, -18.4407, 0.180947, -2.62256, -0.167359
-1.6503, 0.241982, -18.8555, 0.022451, -2.81155, -0.081098
-1.71115, 0.285968, -19.2135, -0.028515, -3.08919, -0.160143
-1.7229, 0.277556, -19.1833, 0.127948, -3.41801, -0.125384
-1.71127, 0.304507, -19.0128, 0.005714, -3.47691, -0.043644
-1.68973, 0.31205, -19.0033, -0.135404, -3.19384, -0.025021
-1.70642, 0.266969, -19.1268, -0.060401, -2.93872, -0.141245
-1.69868, 0.216101, -19.0979, -0.004912, -2.88442, -0.127689
-1.74333, 0.206004, -18.9373, 0.038125, -2.82954, -0.070474
-1.78091, 0.179479, -18.8558, 0.173511, -2.82446, -0.062323
-1.82809, 0.141669, -18.9945, 0.252792, -2.86024, -0.164154
-1.90958, 0.116179, -19.1937, 0.22696, -2.93327, -0.176687
-1.98683, 0.133126, -19.2943, 0.191849, -3.02754, -0.179238
-2.00811, 0.120044, -19.2856, 0.29618, -3.13289, -0.182836
-2.04074, 0.10648, -19.3958, 0.317924, -3.37394, -0.099238
-2.05099, 0.142001, -19.3462, 0.133519, -3.78112, -0.041965
-2.06071, 0.165598, -19.4121, 0.115092, -4.01764, -0.02702
-2.01181, 0.147064, -19.6471, 0.186254, -4.11789, -0.020931
-1.9068, 0.145222, -19.5526, 0.268776, -4.09276, -0.021645
-1.76781, 0.143101, -19.3208, 0.327391, -3.99278, 0.00428
-1.63323, 0.140613, -19.5057, 0.341696, -3.85199, 0.038146
-1.53029, 0.165507, -19.5428, 0.249195, -3.72818, 0.044836
-1.42349, 0.168807, -19.3328, 0.23599, -3.5482, 0.013465
-1.30878, 0.158731, -19.0463, 0.179609, -3.31155, -0.008532
-1.2515, 0.153612, -18.681, 0.031694, -3.0716, -0.007949
-1.22586, 0.13953, -18.441, 0.056755, -2.88248, 0.020191
-1.205, 0.093772, -18.3948, 0.180653, -2.83094, -0.006528
-1.19375, 0.043698, -18.2775, 0.437869, -2.99515, -0.045209
-1.19392, 0.057047, -18.456, 0.569839, -3.11411, -0.041944
-1.16485, 0.082565, -18.6146, 0.7322, -2.94091, -0.028183
-1.14061, 0.039549, -18.5772, 0.882668, -2.70804, -0.076506
-1.118, 0.018044, -18.553, 0.903585, -2.70262, -0.077831
-1.14388, 0.07042, -18.7176, 0.78272, -2.85906, -0.042767
-1.13947, 0.151345, -18.6402, 0.363457, -2.9667, -0.016308
-1.14981, 0.192665, -18.5968, -0.01242, -2.85912, -0.065388
-1.13632, 0.186493, -18.3599, -0.017596, -2.73418, -0.084887
-1.11947, 0.162724, -18.2286, 0.057584, -2.77678, -0.083595
-1.10341, 0.149104, -18.1143, 0.178937, -2.8271, -0.038768
-1.08743, 0.114023, -18.0103, 0.496097, -2.84258, -0.041943
-1.03099, 0.081576, -17.7681, 0.740141, -2.73637, -0.043337
-0.98031, 0.054688, -17.6168, 0.851829, -2.55174, -0.037052
-0.949812, 0.051574, -17.3916, 0.852245, -2.30068, -0.025015
-0.982695, 0.05968, -17.4603, 0.825259, -2.20823, -0.029626
-1.03821, 0.048273, -17.795, 0.816496, -2.22873, -0.06142
-1.10403, 0.077643, -18.0257, 0.626391, -2.25148, -0.082621
-1.15195, 0.107036, -17.9386, 0.486624, -2.28788, -0.128201
-1.18809, 0.10781, -18.0654, 0.444471, -2.35249, -0.128859
-1.22184, 0.108135, -18.1457, 0.349459, -2.39351, -0.111254
-1.22495, 0.102539, -17.808, 0.294878, -2.35084, -0.124315
-1.25233, 0.10846, -17.6594, 0.287569, -2.34554, -0.140082
-1.32361, 0.09442, -18.1177, 0.337327, -2.41549, -0.219102
-1.35297, 0.056638, -17.8257, 0.421621, -2.34444, -0.234232
-1.38359, 0.009482, -17.2824, 0.536215, -2.32046, -0.274017
-1.46524, -0.018092, -17.577, 0.632748, -2.47706, -0.345136
-1.57464, -0.010787, -18.1663, 0.60236, -2.59145, -0.334503
-1.65665, 0.020897, -17.895, 0.502282, -2.48638, -0.253608
-1.73831, -0.033391, -17.645, 0.571085, -2.50525, -0.354013
-1.79937, -0.087714, -17.6241, 0.631764, -2.55997, -0.439595
-1.89574, -0.095885, -17.4298, 0.608933, -2.51471, -0.402895
-1.9536, -0.106146, -17.1327, 0.627393, -2.48475, -0.364959
-2.02877, -0.148882, -17.1955, 0.730535, -2.68255, -0.42669
-2.10428, -0.151608, -17.3836, 0.694849, -2.82111, -0.392234
