Fx [N], Fy [N], Fz [N], Mx [Nm], My [Nm], Mz [Nm]
-0.13668, 0.276343, -0.942276, 0.01249, -0.528513, 0.248942
-0.172372, 0.263341, -0.996616, 0.007368, -0.565819, 0.240956
-0.225124, 0.257949, -1.11854, 0.015635, -0.589374, 0.267622
-0.263229, 0.190993, -1.26573, 0.078428, -0.5849, 0.31636
-0.336002, 0.065631, -1.29943, 0.189939, -0.669455, 0.281958
-0.454362, -0.016507, -1.42185, 0.234476, -0.749875, 0.255396
-0.575309, -0.020447, -1.66943, 0.24102, -0.816145, 0.236099
-0.680556, -0.025261, -2.16487, 0.291902, -0.864464, 0.202953
-0.806073, -0.01852, -2.88917, 0.351036, -0.866148, 0.198879
-0.874406, 0.013284, -3.73873, 0.419972, -0.813619, 0.19004
-0.95452, -0.007617, -4.75311, 0.562115, -0.735449, 0.171445
-1.07403, 0.03999, -6.1021, 0.71756, -0.670937, 0.22569
-1.23578, 0.261045, -7.74814, 0.783507, -0.644766, 0.272275
-1.39353, 0.602733, -9.83636, 0.847029, -0.637008, 0.287307
-1.58062, 0.805421, -12.3855, 1.18042, -0.64825, 0.316748
-1.65791, 0.920713, -15.2852, 1.72368, -0.633223, 0.474139
-1.60633, 1.16739, -17.7577, 2.12503, -0.458402, 0.636502
-1.60654, 1.93661, -19.9242, 1.85075, -0.269553, 0.658909
-1.83693, 2.70199, -21.9327, 1.47306, -0.323827, 0.606268
-1.7869, 3.07036, -23.802, 1.47147, -0.209024, 0.734064
-1.74493, 3.32032, -24.6308, 1.23407, -0.111098, 0.856482
-1.81602, 3.96632, -24.5885, 0.316108, 0.0211, 0.868446
-2.2498, 4.82444, -25.4024, -0.614362, -0.250794, 0.827759
-2.09821, 5.16883, -25.9786, -0.921968, -0.135433, 0.952124
-1.40684, 4.96319, -26.2991, -0.766648, 0.528563, 1.25925
-1.10629, 5.31702, -26.7368, -1.11095, 0.968771, 1.5847
-1.08703, 5.93804, -26.9227, -1.65302, 1.06363, 1.59734
-1.00625, 6.19013, -27.2137, -1.67459, 1.1017, 1.6154
-0.375788, 5.97483, -26.7859, -1.56836, 1.68852, 1.97616
0.080545, 5.73325, -26.5516, -1.48283, 2.06908, 2.28669
-0.380578, 5.73737, -26.9533, -1.34867, 1.49697, 2.12229
-0.779526, 6.02493, -26.6505, -1.70619, 1.10475, 1.93648
-0.677048, 5.93027, -25.9948, -1.90531, 1.23826, 2.03064
-0.667968, 5.50697, -26.1645, -1.67945, 1.20931, 2.14425
-1.25128, 5.44859, -26.8679, -1.54869, 0.605426, 1.96478
-1.51514, 5.70363, -27.1262, -1.65052, 0.344182, 1.86607
-1.04252, 5.71675, -26.8319, -1.69694, 0.764816, 2.06684
-0.637713, 5.57819, -26.7844, -1.75739, 1.08658, 2.25816
-0.876842, 5.33225, -27.0114, -1.53365, 0.834451, 2.14905
-1.14998, 5.53719, -27.4743, -1.50623, 0.553053, 2.05282
-0.853961, 5.78884, -27.6063, -1.68415, 0.790814, 2.216
-0.41784, 5.63479, -27.244, -1.72737, 1.19701, 2.35849
-0.825174, 5.27485, -27.7584, -1.27381, 0.765423, 2.18279
-0.949341, 5.21043, -27.8472, -1.10147, 0.597288, 2.10383
-0.832558, 5.62709, -27.7618, -1.4679, 0.745832, 2.13211
-1.07065, 5.61419, -28.1771, -1.47803, 0.556968, 1.98168
-1.23744, 5.20973, -28.2456, -1.06731, 0.36076, 1.88485
-0.961838, 5.19169, -28.4775, -0.939554, 0.635953, 1.98405
-1.03536, 5.32038, -29.3054, -0.796384, 0.49536, 1.95065
-0.86466, 5.17269, -28.9298, -0.749116, 0.762848, 2.00184
-0.934055, 5.04328, -28.625, -0.785462, 0.792967, 2.01007
-1.02653, 5.00133, -28.3622, -0.852437, 0.718314, 1.87123
-1.12527, 4.633, -27.9927, -0.560961, 0.620682, 1.78293
-1.38932, 4.4538, -27.3897, -0.590906, 0.493686, 1.75269
-1.52886, 4.44892, -27.0024, -0.706669, 0.402813, 1.69668
-1.76242, 4.3556, -27.4071, -0.515226, 0.133864, 1.59774
-1.62317, 4.59507, -27.6082, -0.652275, 0.318848, 1.70269
-1.82303, 4.83142, -28.049, -0.891641, 0.164551, 1.66886
-1.97958, 4.85162, -28.3331, -0.947935, 0.000397, 1.6437
-1.90948, 5.01524, -28.0323, -1.15247, 0.134531, 1.75711
-1.84424, 5.2484, -28.0481, -1.41788, 0.225048, 1.8701
-1.88391, 5.4424, -28.653, -1.5232, 0.220096, 1.96778
-1.77521, 5.59486, -28.7955, -1.66893, 0.411639, 2.06483
-1.61298, 5.97576, -28.8703, -2.00853, 0.675049, 2.21271
-1.72894, 6.41021, -30.0444, -2.14285, 0.608399, 2.28247
-1.62567, 6.49186, -30.6004, -2.04167, 0.711577, 2.37374
-1.31848, 6.17977, -30.2078, -1.76924, 1.07517, 2.50535
-1.02199, 6.04365, -30.15, -1.70294, 1.44755, 2.76443
-0.943179, 6.2671, -30.6524, -1.84159, 1.55377, 2.88374
-1.22863, 6.29054, -31.0151, -1.82563, 1.22941, 2.72764
-1.55084, 6.39527, -31.5788, -1.95236, 1.02463, 2.7993
-1.32854, 6.37851, -31.2591, -2.18291, 1.26904, 2.94596
-0.854317, 6.21565, -30.5285, -2.1738, 1.74782, 2.994
-0.937987, 6.14131, -30.8217, -1.96903, 1.6687, 2.96615
-1.25856, 6.04662, -31.4422, -1.7229, 1.2655, 2.90498
-1.19509, 5.80633, -30.8646, -1.61783, 1.31867, 2.84907
-1.2411, 5.62995, -30.5692, -1.4923, 1.30073, 2.76534
-1.33452, 5.31622, -30.5744, -1.13887, 1.12246, 2.6591
-1.16, 5.29125, -30.5259, -1.15927, 1.23788, 2.78242
-1.42935, 5.54662, -31.0334, -1.35041, 0.995778, 2.80386
-1.4753, 5.48348, -30.9543, -1.24639, 0.895408, 2.7033
-1.27601, 5.09931, -30.782, -0.781303, 0.919536, 2.63042
-1.17767, 4.74332, -31.0984, -0.240454, 0.81316, 2.5562
-1.30521, 4.41626, -31.1912, 0.215118, 0.542958, 2.38045
-1.35231, 4.43335, -31.061, 0.280046, 0.421726, 2.24643
-1.30256, 4.59021, -31.3512, 0.314258, 0.369723, 2.17608
-1.15754, 4.59895, -31.329, 0.354271, 0.388838, 2.02272
-0.886192, 4.49305, -30.804, 0.463991, 0.605325, 2.01313
-0.786248, 4.67104, -30.6879, 0.267304, 0.780002, 2.16004
-0.852678, 5.13013, -30.9724, -0.121045, 0.687593, 2.18261
-0.862044, 5.1503, -30.3772, -0.320698, 0.663443, 2.09983
-0.730557, 4.94299, -29.9405, -0.266157, 0.855338, 2.32747
-0.908301, 4.86446, -30.8973, 0.076048, 0.57103, 2.36553
-0.601136, 4.74686, -30.4849, 0.176343, 0.817595, 2.36965
-0.645526, 4.82215, -30.5941, 0.127221, 0.890111, 2.45735
-0.761722, 4.68756, -30.8551, 0.336091, 0.704558, 2.39985
-0.681762, 4.32589, -30.8148, 0.747287, 0.654679, 2.2782
-0.596311, 4.20547, -30.4987, 0.794637, 0.840323, 2.35617
-0.765731, 4.23368, -30.3425, 0.661258, 0.763261, 2.40671
-0.890557, 4.13948, -30.4238, 0.75278, 0.571385, 2.31074
-0.778811, 4.02941, -30.4704, 0.856035, 0.687399, 2.37108
-0.792274, 4.0492, -30.9441, 0.954682, 0.716525, 2.50407
-0.712575, 4.12584, -31.2259, 0.997416, 0.751481, 2.52623
-0.608791, 4.22103, -31.3169, 0.98449, 0.833451, 2.54825
-0.464497, 4.40968, -31.5167, 0.840945, 0.957044, 2.61295
-0.334822, 4.23445, -31.3014, 0.974247, 0.986807, 2.5711
-0.352306, 4.0078, -30.9896, 1.08374, 0.951481, 2.5808
-0.609183, 4.01156, -31.0649, 1.0236, 0.734577, 2.59452
-0.818422, 4.01049, -31.4212, 1.06408, 0.4705, 2.54614
-0.709736, 3.97505, -31.2499, 1.05262, 0.562946, 2.56574
-0.663254, 3.96143, -31.4678, 1.09217, 0.622977, 2.6354
-0.699408, 3.83435, -31.8487, 1.3108, 0.518089, 2.63066
-0.697431, 3.6855, -31.4515, 1.40214, 0.459613, 2.52466
-0.483197, 3.88484, -30.7949, 1.06374, 0.744501, 2.58984
-0.779842, 3.88028, -31.2238, 1.13061, 0.418986, 2.42968
-0.785353, 3.68192, -30.8742, 1.21419, 0.340995, 2.25664
-0.940991, 3.50747, -31.2932, 1.49684, 0.242767, 2.31631
-0.847961, 3.50432, -31.6931, 1.65392, 0.270801, 2.41715
-0.685452, 3.54885, -31.5571, 1.66288, 0.325755, 2.41273
-0.744538, 3.32886, -30.9027, 1.71362, 0.323496, 2.36089
-0.857055, 3.1086, -30.468, 1.76346, 0.26042, 2.36735
-1.00985, 3.19824, -30.6735, 1.65116, 0.003388, 2.27469
-1.35927, 3.13855, -31.011, 1.81945, -0.410251, 2.11072
-1.55452, 2.94805, -30.8002, 2.0212, -0.618654, 2.0623
-1.4404, 2.91497, -30.8029, 2.06986, -0.590826, 2.1227
-1.42504, 2.9096, -31.0244, 2.09136, -0.67676, 2.11076
-1.74987, 2.99128, -31.2379, 2.09139, -0.987751, 1.97601
-1.79659, 3.01665, -31.1065, 2.09413, -1.02892, 1.99619
-1.57193, 2.94949, -31.0085, 2.10656, -0.910363, 2.07249
-1.51093, 2.88977, -30.7471, 2.06221, -0.871291, 1.98132
-1.71979, 2.79941, -31.01, 2.2569, -1.05184, 1.93231
-1.59995, 2.77935, -31.4866, 2.47567, -1.03698, 2.01516
-1.47464, 2.88671, -31.8672, 2.43286, -0.99913, 2.0591
-1.62935, 2.80015, -31.4931, 2.3858, -1.09194, 1.92396
-1.68441, 2.64291, -31.3641, 2.53674, -1.10088, 1.9527
-1.64186, 2.71505, -31.8603, 2.57133, -1.1345, 2.00707
-1.48148, 2.82232, -31.7654, 2.40906, -0.998476, 2.01042
-1.58656, 2.72031, -32.0804, 2.60824, -1.04639, 2.07428
-1.50207, 2.80277, -33.2103, 2.91087, -1.07495, 2.20229
-0.906353, 3.09676, -34.0106, 2.93141, -0.687006, 2.39879
-0.37661, 3.36493, -34.306, 2.83997, -0.1661, 2.58727
-0.685854, 3.41683, -35.0135, 3.07157, -0.522214, 2.54808
-0.522867, 3.44896, -34.846, 3.01971, -0.44351, 2.60393
-0.379909, 3.74883, -34.2919, 2.52827, -0.249119, 2.70406
-0.967678, 3.78272, -34.1861, 2.35243, -0.791199, 2.41683
-1.29893, 3.36146, -33.6679, 2.63595, -1.10825, 2.18024
-1.16892, 3.14484, -32.9582, 2.65211, -0.900319, 2.29651
-1.37171, 3.17263, -33.1615, 2.57387, -1.04831, 2.27765
-1.83962, 3.0341, -33.1439, 2.68146, -1.49725, 1.95511
-1.59799, 2.98009, -32.5504, 2.64133, -1.15386, 2.06924
-1.09889, 3.25502, -31.6473, 2.08259, -0.56489, 2.36536
-0.878119, 3.49433, -30.6213, 1.54166, -0.246269, 2.34303
-1.18253, 3.04127, -30.0079, 1.96033, -0.491751, 2.10783
-1.07128, 2.56122, -28.7954, 2.22423, -0.382181, 2.10529
-0.664706, 2.41067, -27.5975, 1.98839, 0.061037, 2.19718
-1.09161, 2.27879, -27.8559, 2.13862, -0.329338, 2.03595
-1.43241, 2.25828, -27.0142, 1.9339, -0.593543, 1.83977
-1.15115, 2.26542, -25.7938, 1.46038, -0.188533, 1.99368
-1.25222, 2.12591, -26.6157, 1.68831, -0.3401, 2.05965
-1.51193, 2.04208, -26.7901, 1.83509, -0.688097, 1.82321
-1.58797, 2.28871, -26.4298, 1.57044, -0.673804, 1.81808
-1.53496, 2.74477, -26.8486, 1.16944, -0.602573, 1.97695
-1.62041, 2.85002, -27.4634, 1.17135, -0.839596, 1.84981
-1.7429, 2.87219, -27.3274, 1.14531, -0.940485, 1.71479
-1.77653, 3.06167, -27.1704, 1.00247, -0.87218, 1.77341
-1.84987, 3.29104, -27.8712, 0.951559, -1.0301, 1.71132
-1.68971, 3.26181, -27.6769, 1.04199, -0.931333, 1.67499
-1.73424, 2.97418, -27.2953, 1.24937, -0.850845, 1.71997
-1.61563, 3.02929, -27.085, 1.13943, -0.68461, 1.81376
-1.54161, 3.08898, -27.4472, 1.21737, -0.720953, 1.74057
-1.51386, 2.79253, -27.4047, 1.52717, -0.659336, 1.82434
-1.61099, 2.60034, -27.1524, 1.58984, -0.671338, 1.96109
-1.48835, 2.67623, -27.1522, 1.43416, -0.587875, 1.94357
-1.41568, 2.64334, -27.4045, 1.56869, -0.56864, 1.98579
-1.4412, 2.5859, -27.1847, 1.55163, -0.548113, 2.07524
-1.40501, 2.6956, -27.2637, 1.37866, -0.497229, 2.11002
-1.43337, 2.78953, -27.9922, 1.41421, -0.626192, 2.04047
-1.42078, 2.85396, -28.3233, 1.47858, -0.651659, 2.08697
-1.51567, 3.12827, -28.3499, 1.19061, -0.668385, 2.15241
-1.59426, 3.39003, -28.5682, 0.856512, -0.713573, 2.1204
-1.58902, 3.53437, -28.702, 0.760764, -0.711814, 2.1238
-1.50638, 3.64172, -28.398, 0.599561, -0.596478, 2.18755
-1.50859, 3.6579, -28.3192, 0.536638, -0.576688, 2.21592
-1.75271, 3.53443, -28.7795, 0.739035, -0.845734, 2.14178
-1.66741, 3.36521, -28.3172, 0.882072, -0.75972, 2.15623
-1.58097, 3.33678, -27.9988, 0.836384, -0.566897, 2.28121
-1.6686, 3.52925, -28.2112, 0.647966, -0.592444, 2.29215
-1.85129, 3.5212, -28.2797, 0.645744, -0.764584, 2.16764
-2.09164, 3.31615, -28.5811, 0.921398, -0.927318, 2.15369
-2.01094, 3.31464, -28.8278, 0.960967, -0.86807, 2.28758
-1.81155, 3.58445, -29.0358, 0.760632, -0.674823, 2.29707
-2.21123, 3.53538, -30.084, 1.0902, -1.12801, 2.09894
-2.33035, 3.44124, -30.3773, 1.26387, -1.23147, 2.14365
-1.98321, 3.49327, -29.7548, 1.02371, -0.863325, 2.27775
-2.1584, 3.62658, -30.1266, 0.928565, -1.01231, 2.22506
-2.15697, 3.55188, -29.6675, 0.946032, -1.02583, 2.2132
-2.10102, 3.66668, -29.4667, 0.727287, -0.940557, 2.2593
-2.17816, 3.7222, -29.5797, 0.639761, -1.01625, 2.25561
-2.23902, 3.5402, -29.4421, 0.817779, -1.08364, 2.21169
-2.24942, 3.5148, -29.4587, 0.895374, -1.08421, 2.34254
-2.1405, 3.52401, -29.5797, 0.872882, -0.99635, 2.44473
-2.21939, 3.34301, -29.5798, 1.04246, -1.15418, 2.35928
-2.27049, 3.10591, -29.5419, 1.32416, -1.19074, 2.50045
-2.16952, 3.04982, -29.3608, 1.36753, -1.10688, 2.83779
-2.24828, 3.06917, -29.4776, 1.36089, -1.28214, 2.73413
-2.28429, 3.10198, -29.5283, 1.34126, -1.29973, 2.72324
-2.21449, 3.25684, -29.8428, 1.27789, -1.20025, 2.84172
-2.0531, 3.59556, -30.0205, 0.935801, -1.08187, 2.88093
-2.07525, 3.70379, -29.8791, 0.849229, -1.08766, 2.76249
-2.21608, 3.52849, -29.8034, 1.01715, -1.18354, 2.64422
-1.88393, 3.58769, -29.5623, 0.922299, -0.832034, 2.80329
-1.86075, 3.55308, -29.6429, 1.01896, -0.881161, 2.69361
-2.01202, 3.36979, -29.9666, 1.27426, -1.00309, 2.60638
-1.88137, 3.41925, -29.911, 1.19763, -0.825462, 2.7963
-1.93674, 3.61418, -30.2043, 0.990526, -0.929298, 2.70731
-2.10309, 3.7062, -30.3146, 0.923677, -1.05033, 2.5537
-2.05947, 3.79981, -30.1257, 0.773176, -0.921456, 2.67912
-1.9361, 3.87763, -30.3762, 0.725539, -0.901146, 2.68211
-1.85686, 3.79384, -30.3582, 0.860847, -0.855282, 2.5689
-1.91544, 3.71611, -29.9317, 0.901915, -0.83437, 2.52988
-1.8004, 3.73615, -29.9503, 0.857075, -0.708493, 2.54207
-1.70372, 3.65827, -30.2438, 0.987186, -0.704354, 2.53881
-1.62882, 3.64524, -29.857, 0.917249, -0.564984, 2.57543
-1.73922, 3.76197, -30.1186, 0.864803, -0.638739, 2.59412
-1.69698, 3.70544, -30.2981, 0.97526, -0.688954, 2.55289
-1.51505, 3.59929, -29.7192, 0.907275, -0.465231, 2.54328
-1.76518, 3.60195, -30.0465, 0.955844, -0.641474, 2.52923
-1.76143, 3.54137, -30.104, 1.07048, -0.734549, 2.44478
-1.5595, 3.39972, -29.656, 1.12189, -0.526271, 2.49627
-1.58904, 3.54, -29.605, 0.874877, -0.395547, 2.59664
-1.59654, 3.64776, -29.7368, 0.759604, -0.427296, 2.58985
-1.56184, 3.56868, -29.5886, 0.866871, -0.46645, 2.44126
-1.59189, 3.51791, -29.5183, 0.90331, -0.416594, 2.50542
-1.67901, 3.42766, -29.5966, 0.968165, -0.492299, 2.55644
-1.58148, 3.3836, -29.4834, 0.993891, -0.467625, 2.48968
-1.71519, 3.43505, -29.5888, 0.936264, -0.533187, 2.46063
-1.87371, 3.47506, -29.783, 0.871571, -0.652866, 2.49562
-1.52927, 3.49358, -29.5022, 0.74289, -0.340481, 2.62198
-1.53766, 3.42014, -29.5507, 0.845061, -0.357524, 2.58289
-1.87262, 3.38273, -29.8117, 0.904865, -0.65017, 2.5368
-1.67786, 3.39467, -29.4853, 0.79916, -0.417283, 2.69099
-1.51684, 3.49887, -29.5772, 0.651204, -0.254986, 2.79653
-1.71682, 3.4976, -29.6225, 0.645995, -0.438987, 2.62784
-1.86091, 3.29907, -29.5134, 0.85556, -0.589408, 2.54473
-1.62666, 3.3197, -29.7165, 0.907436, -0.348269, 2.76684
-1.45425, 3.36258, -29.8033, 0.869122, -0.209407, 2.80328
-1.53272, 3.37786, -29.467, 0.74011, -0.215481, 2.649
-1.72103, 3.47105, -29.7678, 0.720149, -0.379812, 2.60115
-1.52313, 3.5489, -30.1351, 0.722494, -0.245679, 2.69843
-1.3789, 3.53187, -29.6997, 0.648108, -0.097823, 2.67325
-1.52367, 3.42096, -28.8659, 0.440983, -0.104422, 2.50966
-1.53706, 3.28057, -28.775, 0.529612, -0.141602, 2.47513
-1.16728, 3.08139, -28.6656, 0.732243, 0.146968, 2.67395
-1.13595, 3.14445, -28.1074, 0.462669, 0.293176, 2.67814
-1.53809, 3.30379, -27.9175, 0.132622, 0.024616, 2.46215
-1.51012, 3.29967, -28.2688, 0.193064, -0.00457, 2.49575
-1.16941, 3.28823, -28.2799, 0.267165, 0.279706, 2.67433
-1.24309, 3.32561, -28.1601, 0.175862, 0.285462, 2.64397
-1.42892, 3.38295, -28.2702, 0.141063, 0.131443, 2.48426
-1.27595, 3.5163, -28.6767, 0.137285, 0.207972, 2.54088
-1.1113, 3.64934, -28.5775, -0.033138, 0.395169, 2.64848
-1.43885, 3.7619, -28.4188, -0.207491, 0.172677, 2.45519
-1.57981, 3.83217, -28.8427, -0.203818, 0.039847, 2.3967
-1.42153, 3.92246, -29.1971, -0.180105, 0.182108, 2.60509
-1.24028, 3.80406, -28.616, -0.166978, 0.3617, 2.58713
-1.57298, 3.6692, -28.7331, 0.01078, 0.088236, 2.37231
-1.64118, 3.69799, -29.3878, 0.124294, -0.050226, 2.40959
-1.27491, 3.76799, -29.1018, 0.040213, 0.230135, 2.50863
-1.63414, 3.79491, -29.4323, 0.065365, -0.043194, 2.43026
-1.85557, 3.76726, -29.6466, 0.096058, -0.252904, 2.34041
-1.65954, 3.86808, -29.5741, 0.007246, -0.149458, 2.40655
-1.68461, 3.90407, -29.6999, 0.0435, -0.206177, 2.35905
-2.09485, 3.75892, -30.1727, 0.326096, -0.580261, 2.22354
-1.72408, 3.76375, -29.5858, 0.208802, -0.245493, 2.35385
-1.58867, 3.86808, -29.3441, 0.041662, -0.166911, 2.34564
-2.13391, 3.77632, -30.0987, 0.331242, -0.683825, 2.10783
-2.14031, 3.7594, -30.4826, 0.485299, -0.697159, 2.1901
-1.54742, 3.82677, -30.0336, 0.32363, -0.181813, 2.42353
-1.57816, 4.0235, -30.0298, 0.128718, -0.17725, 2.39436
-2.06112, 4.02195, -30.5729, 0.290577, -0.617858, 2.21241
-1.8497, 3.96419, -30.4802, 0.349295, -0.501103, 2.3177
-1.52363, 3.96488, -30.1109, 0.217574, -0.153537, 2.52464
-1.87736, 3.98054, -29.9644, 0.102788, -0.418132, 2.37686
-2.24658, 4.06508, -30.8335, 0.267119, -0.799281, 2.23722
-1.77428, 4.04438, -30.764, 0.350487, -0.449582, 2.43144
-1.38951, 3.94884, -30.1202, 0.287672, -0.012021, 2.65542
-1.97422, 3.85976, -30.3725, 0.393182, -0.463558, 2.40185
-2.09058, 3.87248, -30.6623, 0.508087, -0.632516, 2.27959
-1.49914, 3.95884, -30.651, 0.487661, -0.142914, 2.54814
-1.64122, 4.03828, -30.8012, 0.354548, -0.166705, 2.59637
-1.89068, 4.02837, -30.5645, 0.233085, -0.299603, 2.45217
-1.73803, 4.07547, -30.5215, 0.20468, -0.177318, 2.52078
-1.50431, 4.14066, -30.4632, 0.113482, 0.076474, 2.59277
-1.68552, 3.99809, -30.065, 0.026655, 0.063834, 2.36744
-1.8424, 3.84678, -30.079, 0.126444, 0.053269, 2.2205
-1.43047, 3.99366, -30.3867, 0.090702, 0.505844, 2.43797
-1.14042, 4.14504, -30.4739, 0.018229, 0.853239, 2.50989
-1.22901, 4.12147, -30.4873, 0.032957, 0.888751, 2.43835
-1.23533, 4.12873, -30.7261, 0.066043, 0.892002, 2.46805
-0.949384, 4.25979, -30.6439, -0.100604, 1.15003, 2.5588
-0.917084, 4.39765, -30.4577, -0.261599, 1.22754, 2.5755
-1.07083, 4.40659, -30.1916, -0.363548, 1.14787, 2.49725
-1.17292, 4.59848, -31.0369, -0.413292, 1.01932, 2.53403
-1.03624, 4.67734, -31.1037, -0.453579, 1.10164, 2.56189
-1.05948, 4.75102, -30.7085, -0.617926, 1.18401, 2.54521
-1.20357, 4.91171, -30.8416, -0.789727, 1.08733, 2.56909
-1.28701, 4.90558, -30.9136, -0.808337, 0.956975, 2.48365
-1.23684, 4.86005, -30.6144, -0.80857, 1.05585, 2.458
-1.17062, 4.82722, -30.7258, -0.762699, 1.18652, 2.51863
-1.26596, 4.80282, -31.2134, -0.650757, 1.02992, 2.45494
-1.18292, 4.79644, -30.8785, -0.672231, 1.09959, 2.4167
-1.2165, 4.78695, -30.5273, -0.78013, 1.16891, 2.47046
-1.40067, 4.91539, -31.0088, -0.847605, 1.0003, 2.54125
-1.51492, 4.8836, -30.9649, -0.854279, 0.868975, 2.49501
-1.52847, 4.86684, -30.7519, -0.875043, 0.929858, 2.56555
-1.52191, 5.0315, -30.9657, -1.03888, 0.981131, 2.69745
-1.59, 5.16137, -31.3812, -1.09612, 0.845561, 2.68235
-1.72109, 5.29028, -31.7719, -1.12845, 0.77175, 2.68439
-1.60015, 5.45263, -31.853, -1.23537, 0.928981, 2.81909
-1.34528, 5.50662, -31.8959, -1.26667, 1.0854, 2.8512
-1.37145, 5.26096, -32.2093, -0.87186, 1.02096, 2.75925
-1.44518, 5.23311, -32.2856, -0.813941, 1.01053, 2.82869
-1.41652, 5.28891, -32.5033, -0.799972, 0.992572, 2.82818
-1.51462, 5.35048, -32.331, -0.901757, 0.866636, 2.71496
-1.86332, 5.40696, -32.5526, -0.919861, 0.593034, 2.57562
-1.83367, 5.49254, -32.8558, -0.953457, 0.623078, 2.63569
-1.47881, 5.71749, -32.3719, -1.31453, 1.01074, 2.83865
-1.4476, 5.85641, -32.0529, -1.51585, 1.1668, 2.86441
-1.66166, 5.57083, -32.9253, -0.981252, 0.912331, 2.73856
-1.37652, 5.44082, -32.9967, -0.763358, 1.05761, 2.85749
-1.32258, 5.56365, -32.335, -1.09624, 1.24565, 2.92346
-2.08266, 5.60735, -32.8401, -1.03097, 0.57847, 2.61963
-2.07645, 5.54277, -33.1104, -0.872825, 0.488612, 2.64088
-1.70407, 5.69884, -33.1773, -1.06718, 0.860908, 2.92285
