Fx [N], Fy [N], Fz [N], Mx [Nm], My [Nm], Mz [Nm]
0.384773, -0.089393, -1.13279, -0.29103, -0.10125, 0.013497
0.373776, -0.078232, -1.22719, -0.301474, -0.120622, 0.023927
0.373724, -0.075939, -1.2353, -0.304987, -0.139045, 0.021325
0.371685, -0.071872, -1.26382, -0.289274, -0.135381, 0.005365
0.365841, -0.084952, -1.36218, -0.258911, -0.141974, 0.009192
0.362328, -0.093999, -1.54325, -0.229151, -0.150532, 0.006898
0.359942, -0.115545, -1.67186, -0.193913, -0.1662, 0.006054
0.363215, -0.128252, -1.94805, -0.157227, -0.182499, -0.018576
0.359326, -0.133299, -2.20028, -0.139446, -0.195766, -0.04823
0.362574, -0.144378, -2.39844, -0.14538, -0.224509, -0.087477
0.3701, -0.154922, -2.55459, -0.148822, -0.228, -0.135991
0.372396, -0.1622, -2.6456, -0.143436, -0.21242, -0.15436
0.36409, -0.152579, -2.73062, -0.170751, -0.216001, -0.169105
0.360322, -0.14823, -2.91604, -0.212428, -0.230048, -0.171415
0.355524, -0.170077, -3.22706, -0.16609, -0.226063, -0.139749
0.350592, -0.199961, -3.66028, -0.09642, -0.278787, -0.091056
0.348537, -0.210032, -4.15067, -0.040296, -0.288364, -0.067158
0.338344, -0.236016, -4.55093, -0.039504, -0.298092, -0.058412
0.339042, -0.245592, -5.24523, -0.027224, -0.332507, -0.052845
0.337225, -0.264695, -5.89418, -0.060621, -0.352566, -0.081912
0.334419, -0.266247, -6.33232, -0.110258, -0.322924, -0.126183
0.323209, -0.282838, -6.79207, -0.082115, -0.297865, -0.164455
0.313184, -0.323657, -7.51342, -0.018112, -0.26938, -0.206924
0.299385, -0.364215, -8.06282, 0.021344, -0.233712, -0.210936
0.269087, -0.394237, -8.23439, 0.08337, -0.170812, -0.159893
0.22741, -0.454754, -8.50841, 0.243087, -0.152136, -0.124466
0.15748, -0.522322, -9.01423, 0.42275, -0.231202, -0.115865
0.071703, -0.569948, -9.37016, 0.507471, -0.328047, -0.13819
-0.012965, -0.605042, -9.55047, 0.586976, -0.460101, -0.224859
-0.117704, -0.625274, -10.1217, 0.634693, -0.647151, -0.238153
-0.226794, -0.636422, -10.7595, 0.625021, -0.788411, -0.24847
-0.316426, -0.642887, -10.9263, 0.636213, -0.87947, -0.253729
-0.37303, -0.707673, -10.9867, 0.790137, -0.963009, -0.220271
-0.429197, -0.722631, -11.3239, 0.837044, -1.04223, -0.114487
-0.489235, -0.715599, -11.3963, 0.895061, -1.14344, -0.131044
-0.517745, -0.756103, -11.5734, 1.02718, -1.31159, -0.174496
-0.577316, -0.754003, -12.1218, 1.01989, -1.55541, -0.142827
-0.606647, -0.709263, -12.586, 0.846653, -1.81959, -0.096119
-0.603568, -0.647352, -12.6799, 0.651584, -1.91178, -0.112109
-0.581857, -0.64379, -12.9236, 0.587823, -1.96262, -0.105319
-0.546202, -0.640398, -13.3065, 0.560046, -1.91903, -0.023469
-0.504391, -0.59536, -13.3345, 0.392506, -1.81119, 0.02834
-0.483617, -0.566814, -13.0808, 0.323582, -1.71864, -0.029063
-0.480977, -0.642759, -13.3327, 0.51304, -1.68297, -0.163752
-0.475149, -0.658792, -13.5528, 0.605672, -1.62828, -0.035379
-0.471131, -0.648157, -13.3345, 0.590749, -1.43855, 0.017646
-0.483026, -0.680675, -13.5764, 0.723994, -1.35508, -0.016345
-0.525655, -0.705989, -13.8393, 0.838699, -1.39387, -0.096713
-0.586149, -0.716296, -14.1921, 0.807785, -1.43021, -0.040711
-0.634001, -0.692324, -14.2593, 0.697228, -1.44689, -0.057193
-0.66072, -0.694894, -13.9804, 0.633298, -1.47285, -0.093126
-0.71505, -0.6788, -14.5499, 0.513478, -1.70881, 0.002984
-0.743838, -0.635457, -14.7105, 0.356214, -1.92938, 0.033555
-0.746376, -0.610198, -14.6003, 0.345466, -2.10633, -0.080812
-0.734566, -0.648326, -15.023, 0.57993, -2.21455, -0.12483
-0.688594, -0.662659, -15.3591, 0.696836, -2.22445, 0.032649
-0.59575, -0.636738, -15.1595, 0.663006, -2.08572, 0.077453
-0.516016, -0.610689, -14.9645, 0.661757, -1.93808, 0.088727
-0.479992, -0.599531, -15.6327, 0.646115, -1.92194, 0.022394
-0.421773, -0.565567, -16.0245, 0.513047, -1.84274, 0.013302
-0.360621, -0.542529, -15.9574, 0.419042, -1.74037, -0.010331
-0.313389, -0.554351, -16.2204, 0.385949, -1.64098, -0.050663
-0.263896, -0.568898, -15.9257, 0.366466, -1.49131, 0.001612
-0.242159, -0.564623, -15.5585, 0.361753, -1.38475, 0.044217
-0.228024, -0.567895, -15.6934, 0.386889, -1.37731, 0.04401
-0.220994, -0.603677, -15.6035, 0.564095, -1.46336, -0.02882
-0.199151, -0.650506, -15.9116, 0.783228, -1.34899, 0.108146
-0.187943, -0.626378, -16.0204, 0.711874, -1.27529, 0.126564
-0.186157, -0.600537, -16.1782, 0.682674, -1.29953, 0.102843
-0.167309, -0.594786, -16.1365, 0.69632, -1.25777, 0.082919
-0.171881, -0.625323, -16.278, 0.754713, -1.27996, 0.042092
-0.172038, -0.605441, -16.8735, 0.586583, -1.36163, -0.002523
-0.191882, -0.554471, -16.9839, 0.30233, -1.32251, -0.104798
-0.198857, -0.559956, -16.9667, 0.316029, -1.2678, -0.144239
-0.188836, -0.586214, -17.3601, 0.304611, -1.22799, -0.091978
-0.182803, -0.621648, -17.074, 0.315608, -1.09747, 0.005164
-0.18799, -0.641593, -16.6553, 0.387215, -0.977749, -0.090333
-0.229544, -0.68325, -16.8093, 0.57442, -0.989736, -0.176128
-0.244999, -0.752508, -17.0378, 0.92607, -0.997032, -0.118665
-0.273725, -0.778066, -17.0091, 1.07752, -1.13662, 0.028459
-0.325391, -0.762664, -17.8238, 1.06219, -1.28002, 0.045184
-0.35846, -0.712662, -18.3269, 0.818436, -1.37896, 0.094316
-0.410858, -0.626238, -18.4873, 0.435397, -1.48944, 0.012873
-0.405241, -0.638175, -18.5332, 0.33976, -1.54283, -0.13185
-0.411794, -0.627715, -18.189, 0.263324, -1.49507, -0.114653
-0.410806, -0.634268, -18.1211, 0.342665, -1.517, -0.155201
-0.400954, -0.749762, -18.6664, 0.787224, -1.53145, -0.148352
-0.377994, -0.7819, -18.4007, 1.02156, -1.37354, 0.076586
-0.410621, -0.763677, -18.1991, 0.899151, -1.33345, 0.1064
-0.453888, -0.763819, -18.6816, 0.883582, -1.28418, -0.035032
-0.523965, -0.788522, -18.5114, 0.869768, -1.34057, -0.173513
-0.606173, -0.793049, -18.6745, 0.803687, -1.46946, -0.181605
-0.716925, -0.758041, -19.2404, 0.665399, -1.59859, -0.102354
-0.770027, -0.738671, -18.7404, 0.652326, -1.67614, -0.161478
-0.829635, -0.791684, -18.6698, 0.759485, -1.79516, -0.196939
-0.876111, -0.831732, -19.2246, 0.813767, -2.06766, -0.200773
-0.872183, -0.739126, -19.0046, 0.602062, -2.36081, 0.022037
-0.84106, -0.702064, -19.0887, 0.625398, -2.47512, 0.040235
-0.737943, -0.727963, -19.0445, 0.790265, -2.3914, 0.02433
-0.605257, -0.679967, -19.1091, 0.716997, -2.2403, 0.063197
-0.465318, -0.54771, -19.5038, 0.486504, -2.00863, 0.070403
-0.260888, -0.524417, -19.1552, 0.51862, -1.71284, -0.040773
0.030685, -0.541869, -19.3512, 0.552361, -1.24153, -0.011374
0.315087, -0.39899, -19.465, 0.30201, -0.751212, 0.080478
0.642104, -0.284837, -18.7073, 0.1066, -0.226471, 0.070425
1.02117, -0.218402, -18.4145, -0.036735, 0.333452, 0.05883
1.39774, -0.081549, -18.484, -0.31632, 0.800301, 0.077054
1.74053, 0.097255, -18.1231, -0.628779, 1.09192, 0.077225
2.00078, 0.163234, -17.259, -0.719107, 1.22693, 0.164933
2.24948, 0.178719, -16.4319, -0.748887, 1.24686, 0.190718
2.37349, 0.271586, -15.4061, -0.869542, 1.02266, 0.187805
2.58934, 0.388242, -15.194, -0.997381, 0.849022, 0.189279
2.7905, 0.476137, -15.0511, -1.04696, 0.718112, 0.229841
2.77489, 0.470434, -14.1583, -0.900948, 0.469029, 0.310205
2.87102, 0.528916, -14.0637, -0.818714, 0.450483, 0.403602
2.90522, 0.579323, -13.8127, -0.785758, 0.575416, 0.476031
2.85504, 0.59801, -13.4185, -0.775915, 0.989735, 0.484395
2.76229, 0.531461, -12.7853, -0.720352, 1.57153, 0.364834
2.6906, 0.496091, -12.6177, -0.784357, 2.11411, 0.249403
2.58266, 0.464582, -12.5856, -0.93253, 2.56717, 0.191787
2.31876, 0.371144, -12.1405, -0.902882, 2.69377, 0.067421
2.17755, 0.252339, -12.4601, -0.84795, 2.81386, -0.03629
1.91785, 0.161387, -12.3387, -0.76324, 2.58528, -0.08864
1.68573, 0.064332, -12.13, -0.643439, 2.27845, -0.12031
1.63011, 0.019772, -12.8308, -0.581956, 2.18533, -0.162005
1.49751, 0.055394, -12.8025, -0.649485, 1.93314, -0.17116
1.51557, 0.044834, -13.3434, -0.535018, 1.81677, -0.169063
1.59663, 0.089803, -14.2231, -0.412774, 1.55111, -0.01351
1.62364, 0.164275, -14.2117, -0.579434, 1.52785, -0.003642
1.72252, 0.227744, -14.7859, -0.653943, 1.78019, 0.119904
1.72188, 0.199736, -14.8562, -0.749536, 2.26123, 0.082004
1.6077, 0.150853, -14.8347, -0.750689, 2.27797, -0.052326
1.43197, 0.096083, -15.2591, -0.716843, 2.02504, -0.089609
1.14011, 0.00198, -15.2567, -0.564232, 1.5364, -0.102537
0.767996, -0.184307, -14.501, -0.25715, 0.903261, -0.158115
0.423839, -0.359992, -14.6473, 0.075185, 0.299815, -0.217127
0.068909, -0.44989, -14.4553, 0.202608, -0.303504, -0.224484
-0.195233, -0.545524, -13.8232, 0.368512, -0.728467, -0.245964
-0.372818, -0.636624, -14.5288, 0.576861, -0.993118, -0.207642
-0.540323, -0.665071, -14.9116, 0.673754, -1.24055, -0.109547
-0.654044, -0.639726, -15.7334, 0.772956, -1.57433, -0.088955
-0.718346, -0.593134, -16.7951, 0.673794, -2.03861, -0.050095
-0.710937, -0.525773, -16.864, 0.38727, -2.20817, -0.022407
-0.651179, -0.501045, -17.4981, 0.20562, -2.15526, -0.057202
-0.559396, -0.490034, -17.2762, 0.107401, -1.94857, -0.081066
-0.476488, -0.513518, -16.6326, 0.044123, -1.74223, -0.079964
-0.454948, -0.526341, -16.6801, -0.029221, -1.57141, -0.104365
-0.493759, -0.522935, -16.3837, 0.006723, -1.33128, -0.162797
-0.538282, -0.709094, -15.7969, 0.471912, -1.18613, -0.231107
-0.660603, -0.868242, -15.4502, 0.819617, -1.21834, -0.14301
-0.838652, -0.923422, -15.1831, 0.909859, -1.36991, -0.142562
-1.02117, -0.963612, -15.1917, 1.07553, -1.56797, -0.236443
-1.16315, -1.05499, -15.6194, 1.30127, -1.78605, -0.275103
-1.30238, -1.05831, -16.1298, 1.35627, -2.0509, -0.195215
-1.4228, -0.907223, -16.6052, 1.0243, -2.63387, -0.09461
-1.41314, -0.802181, -16.8321, 0.677474, -3.02041, -0.020107
-1.26997, -0.768902, -16.5388, 0.551338, -3.07137, -0.005902
-0.941997, -0.69717, -16.2778, 0.583804, -2.81746, -0.057204
-0.682623, -0.627148, -16.6048, 0.534599, -2.42856, -0.013105
-0.295681, -0.571581, -16.4699, 0.539065, -1.77489, 0.006389
0.113818, -0.45351, -16.466, 0.348188, -1.07499, 0.069958
0.477684, -0.311499, -16.9648, 0.073144, -0.476603, 0.075574
0.786481, -0.197668, -16.5077, -0.166014, -0.044876, 0.037901
1.02593, -0.208257, -16.2327, -0.197395, 0.296373, -0.024526
1.21515, -0.132432, -16.2718, -0.398889, 0.544374, 0.027716
1.25515, -0.084218, -15.5228, -0.512959, 0.612973, 0.064822
1.29029, -0.137531, -14.8617, -0.41014, 0.792995, 0.09073
1.27568, -0.192944, -14.2949, -0.294976, 1.25966, 0.050047
1.17452, -0.219358, -13.5066, -0.151337, 1.25316, -0.028694
1.11512, -0.304498, -13.2667, 0.064584, 1.24969, 0.013755
1.04861, -0.341072, -13.2087, 0.182312, 1.16653, 0.042388
0.965768, -0.343226, -12.961, 0.127391, 1.05063, 0.037508
0.897922, -0.310348, -12.9304, 0.053986, 0.95821, -0.030768
0.866777, -0.335117, -13.0803, 0.065657, 0.89078, -0.081994
0.803479, -0.308808, -12.9061, 0.007641, 0.790158, -0.041338
0.761699, -0.328032, -12.9743, 0.08903, 0.725729, -0.053214
0.741822, -0.35212, -13.1808, 0.183084, 0.687496, -0.044133
0.71885, -0.379413, -12.9754, 0.297071, 0.630653, -0.072256
0.709187, -0.373524, -13.5369, 0.367857, 0.599689, -0.07453
0.711187, -0.368447, -14.2412, 0.325333, 0.594588, -0.054821
0.690604, -0.339672, -14.2361, 0.131519, 0.615525, -0.059978
0.635337, -0.341471, -14.1849, 0.006654, 0.548382, -0.099279
0.583969, -0.326896, -14.4626, -0.035471, 0.46411, -0.099255
0.521237, -0.332971, -14.3738, 0.014364, 0.372656, -0.11035
0.44227, -0.371973, -14.0666, 0.163902, 0.280506, -0.10936
0.400738, -0.470563, -14.5159, 0.378083, 0.214671, -0.098558
0.329298, -0.456788, -14.8947, 0.342998, 0.081633, -0.036796
0.249146, -0.473447, -14.931, 0.351401, -0.044922, -0.066067
0.180641, -0.517114, -15.1043, 0.373549, -0.180479, -0.099755
0.093629, -0.495207, -15.2639, 0.297418, -0.357991, -0.129015
0.070944, -0.497976, -15.2905, 0.344798, -0.471947, -0.167957
0.056846, -0.501016, -15.5048, 0.441885, -0.625411, -0.062832
0.056194, -0.518969, -15.6195, 0.645904, -0.819981, -0.025104
0.090538, -0.477412, -15.6178, 0.506565, -0.878556, -0.009209
0.157583, -0.43651, -15.7222, 0.41364, -0.856042, -0.050564
0.259887, -0.393126, -15.941, 0.274741, -0.723261, -0.05451
0.366766, -0.272403, -16.3406, 0.03753, -0.581884, -0.013515
0.4841, -0.182254, -16.8053, -0.162242, -0.398047, -0.005123
0.599064, -0.160726, -16.4097, -0.207777, -0.202836, -0.010569
0.664575, -0.192024, -15.8964, -0.153111, -0.075224, -0.012063
0.748316, -0.15845, -15.6592, -0.176007, 0.058106, 0.002334
0.785778, -0.184888, -15.0382, -0.021523, 0.163974, 0.026524
0.866056, -0.206716, -15.2007, 0.077201, 0.368143, 0.054326
0.891654, -0.185815, -15.442, 0.04028, 0.530789, 0.090675
0.907105, -0.170035, -15.2519, 0.084372, 0.589824, 0.04185
0.942541, -0.211655, -15.3408, 0.136159, 0.640548, 0.023117
0.921631, -0.175566, -15.1087, 0.035728, 0.650488, 0.066338
0.918036, -0.162008, -14.959, 0.00594, 0.611152, 0.017773
0.926791, -0.136063, -15.2218, -0.060124, 0.681878, 0.077642
0.908821, -0.162045, -14.784, -0.100832, 0.800053, 0.036691
0.927595, -0.171818, -14.8897, -0.092617, 0.907939, 0.001251
0.903759, -0.107678, -15.204, -0.345443, 0.91199, 0.043079
0.827285, -0.116269, -14.8747, -0.316436, 0.884684, -0.010721
0.81562, -0.202566, -15.1884, -0.126904, 0.891273, -0.042827
0.709417, -0.19478, -15.5482, -0.20029, 0.746035, -0.031238
0.561118, -0.216489, -15.1519, -0.207155, 0.50836, -0.080833
0.409869, -0.319064, -15.0193, -0.01286, 0.264694, -0.092742
0.229649, -0.400391, -14.8672, 0.135431, -0.030365, -0.128364
0.045866, -0.464197, -14.2178, 0.2658, -0.325289, -0.159011
-0.076082, -0.574159, -13.7452, 0.463043, -0.523444, -0.176087
-0.195196, -0.648801, -14.112, 0.657339, -0.736262, -0.096261
-0.294301, -0.654465, -14.3624, 0.724001, -0.924893, -0.077445
-0.356579, -0.636953, -14.7761, 0.774931, -1.14264, -0.063136
-0.409686, -0.594348, -15.3071, 0.642578, -1.44227, -0.038973
-0.466165, -0.502139, -15.3943, 0.271684, -1.74364, -0.018508
-0.417136, -0.472834, -15.4281, 0.114416, -1.71518, -0.048398
-0.372886, -0.425826, -15.0547, -0.026324, -1.60238, -0.048603
-0.347154, -0.389083, -14.8727, -0.098518, -1.56328, -0.076302
-0.308771, -0.391217, -14.9205, -0.091782, -1.50231, -0.044697
-0.274408, -0.395189, -14.4291, -0.04099, -1.25507, -0.024128
-0.252345, -0.503485, -14.4548, 0.275174, -0.865954, -0.04535
-0.322743, -0.532924, -14.5567, 0.368721, -0.885747, -0.045953
-0.392765, -0.589449, -14.239, 0.43844, -0.954047, -0.096458
-0.486481, -0.670074, -14.3314, 0.496571, -1.05452, -0.132835
-0.598781, -0.698185, -14.2409, 0.468798, -1.18983, -0.159434
-0.717007, -0.73659, -14.279, 0.52998, -1.29608, -0.193785
-0.793737, -0.79857, -14.4418, 0.598778, -1.36918, -0.134729
-0.86276, -0.794553, -14.125, 0.560303, -1.43448, -0.108969
-0.901166, -0.786363, -14.0321, 0.522077, -1.56578, -0.189135
-0.994791, -0.753746, -14.6462, 0.374627, -1.95692, -0.201614
-1.04633, -0.658564, -14.7839, 0.217819, -2.41195, -0.143487
-1.03054, -0.663027, -15.1392, 0.402057, -2.58283, -0.13932
-0.968489, -0.657462, -15.4277, 0.429484, -2.5633, -0.071638
-0.878411, -0.601567, -14.7072, 0.250905, -2.4016, -0.021222
-0.864547, -0.594972, -14.8665, 0.143389, -2.33084, -0.009794
-0.859049, -0.546504, -14.9793, -0.012298, -2.24198, -0.056846
-0.849411, -0.528233, -14.6082, -0.016713, -2.08672, -0.095203
-0.831599, -0.642745, -15.0388, 0.384821, -1.94922, -0.157641
-0.842688, -0.692457, -15.1815, 0.643098, -1.71623, -0.097922
-0.851564, -0.709563, -14.9856, 0.6585, -1.70231, -0.08099
-0.903628, -0.769348, -15.1967, 0.782315, -1.71338, -0.107328
-0.910602, -0.795707, -15.0544, 0.742649, -1.68124, -0.130675
-0.919605, -0.770555, -14.6524, 0.549739, -1.66736, -0.123615
-0.966062, -0.735858, -14.7272, 0.373156, -1.80211, -0.116517
-1.0158, -0.701047, -14.8766, 0.251374, -2.09544, -0.135503
-1.0229, -0.700707, -14.8773, 0.368288, -2.41469, -0.119308
-0.999614, -0.722202, -15.0297, 0.523957, -2.52814, -0.045138
-0.991328, -0.679077, -15.2776, 0.392759, -2.55527, -0.02482
-0.978124, -0.611856, -15.1654, 0.214221, -2.51971, -0.005393
-0.935257, -0.62046, -15.0075, 0.291261, -2.4834, -0.059518
-0.919701, -0.682293, -15.2073, 0.475841, -2.40861, -0.111803
-0.913657, -0.685126, -15.3494, 0.531432, -2.28531, -0.077107
-0.922642, -0.662675, -15.3296, 0.421565, -2.00656, -0.051255
-0.93267, -0.664533, -15.2372, 0.446613, -1.8378, -0.055051
-0.923729, -0.721661, -15.1791, 0.659312, -1.84749, -0.112931
-0.948181, -0.76227, -15.4868, 0.747552, -1.94678, -0.130607
-0.987091, -0.754775, -15.7356, 0.689915, -2.25688, -0.109102
-1.01043, -0.723489, -15.9533, 0.54479, -2.5714, -0.032545
-1.01698, -0.680524, -15.9974, 0.469378, -2.65876, -0.011011
-0.993229, -0.707452, -16.1179, 0.533235, -2.60528, -0.005623
-0.997768, -0.692623, -16.1209, 0.307038, -2.4638, 0.001135
-0.973064, -0.691221, -16.0317, 0.18344, -2.28671, -0.025416
-0.975468, -0.716223, -16.0108, 0.219785, -2.09406, -0.074303
-0.986881, -0.733487, -15.983, 0.351781, -1.97644, -0.108317
-1.01362, -0.797153, -16.3537, 0.589416, -1.95237, -0.086495
-1.06059, -0.797717, -16.3928, 0.609166, -1.9584, -0.043725
-1.08619, -0.770528, -16.2738, 0.554712, -1.98991, -0.028242
-1.13106, -0.802261, -16.5846, 0.588431, -2.04275, -0.07839
-1.16152, -0.791599, -16.6158, 0.466233, -2.09925, -0.110659
-1.19622, -0.766182, -16.6664, 0.387869, -2.23568, -0.116214
-1.227, -0.817164, -17.0016, 0.606338, -2.50916, -0.057
-1.2062, -0.852458, -16.9049, 0.787829, -2.73872, -0.018681
-1.17642, -0.821445, -16.7095, 0.714942, -2.83179, 0.004596
-1.20135, -0.781958, -17.2678, 0.570962, -2.98143, -0.008424
-1.21921, -0.748521, -17.7481, 0.412649, -2.99661, -0.028656
-1.20295, -0.719334, -17.7357, 0.245349, -2.81708, -0.05214
-1.15975, -0.749537, -17.4934, 0.305516, -2.55568, -0.099801
-1.1447, -0.809014, -17.5107, 0.524084, -2.20554, -0.085553
-1.15664, -0.856939, -17.254, 0.683078, -2.06725, -0.065716
-1.18298, -0.906684, -17.1079, 0.829885, -2.06205, -0.054728
-1.28617, -0.915419, -17.5982, 0.768724, -2.18231, -0.114609
-1.34202, -0.907326, -17.6372, 0.776751, -2.26474, -0.159746
-1.33648, -0.977533, -17.678, 0.989949, -2.33609, -0.148545
-1.38531, -0.945601, -17.958, 0.846088, -2.54572, -0.059825
-1.41104, -0.858459, -17.7222, 0.529701, -2.73904, 0.000576
-1.43754, -0.81979, -17.8826, 0.367763, -3.004, 0.039473
-1.4013, -0.851157, -18.0164, 0.408147, -3.08668, -0.014401
-1.38544, -0.810568, -17.8007, 0.242177, -2.91146, -0.039033
-1.37215, -0.774817, -17.6431, 0.167794, -2.7279, -0.064856
-1.35264, -0.855063, -17.6739, 0.621223, -2.41752, -0.069278
-1.33281, -0.933036, -17.4329, 0.988964, -2.3226, -0.071482
-1.36928, -0.941178, -17.5969, 1.08446, -2.42872, -0.055752
-1.39266, -0.925727, -17.8093, 1.0236, -2.42428, -0.088488
-1.42561, -0.905229, -17.6094, 0.8015, -2.32877, -0.105942
-1.45833, -0.90644, -17.7232, 0.609396, -2.34888, -0.129222
-1.51617, -0.887782, -17.6489, 0.439624, -2.41026, -0.116478
-1.54542, -0.892384, -17.4739, 0.388385, -2.43679, -0.120585
-1.55635, -0.898231, -17.3079, 0.397781, -2.44175, -0.086308
-1.54485, -0.907385, -17.0488, 0.466792, -2.38579, -0.118934
-1.58308, -0.967673, -17.3396, 0.64699, -2.40952, -0.119123
-1.57332, -0.972614, -17.1677, 0.630866, -2.42055, -0.083071
-1.60783, -0.917133, -17.1429, 0.473203, -2.54144, -0.11848
-1.63986, -0.89094, -17.2855, 0.454413, -2.76018, -0.117426
-1.61826, -0.933425, -17.194, 0.774401, -2.9558, -0.146766
-1.64513, -0.947398, -17.4125, 0.848267, -3.16329, -0.054502
-1.66518, -0.881577, -17.4989, 0.63074, -3.31951, -0.013123
-1.64343, -0.833757, -17.2617, 0.504573, -3.32657, 0.000541
-1.58131, -0.854363, -17.1817, 0.634488, -3.3381, -0.03849
-1.5503, -0.832367, -17.1823, 0.570639, -3.33789, -0.046038
-1.48546, -0.797327, -16.9361, 0.585714, -3.31935, -0.007517
-1.44135, -0.821006, -17.0949, 0.659393, -3.33343, -0.008973
-1.41529, -0.783682, -17.3685, 0.634671, -3.35566, 0.015464
-1.37816, -0.744307, -17.3469, 0.602011, -3.29857, 0.013185
-1.33605, -0.741069, -17.4355, 0.640908, -3.20903, 0.01826
-1.27663, -0.756337, -17.1485, 0.657211, -3.10367, -0.009568
-1.26185, -0.72648, -17.0218, 0.563716, -3.06124, 0.008297
-1.27944, -0.699025, -17.2575, 0.487793, -3.07161, 0.015179
-1.26639, -0.718716, -17.1811, 0.672734, -3.01348, -0.015246
-1.20215, -0.765627, -16.8146, 0.886799, -2.92201, -0.041934
-1.18142, -0.767514, -16.8927, 0.903337, -2.90764, -0.023985
-1.18346, -0.745917, -17.0896, 0.824239, -2.90178, 0.094877
-1.15061, -0.723519, -16.9569, 0.694658, -2.75185, 0.214616
-1.11856, -0.697868, -16.5853, 0.482029, -2.70755, 0.137515
-1.10804, -0.65171, -16.3783, 0.26359, -2.71954, -0.0027
-1.10892, -0.664572, -16.5924, 0.280078, -2.546, -0.027429
-1.0859, -0.724638, -16.4393, 0.484674, -2.1588, -0.036807
-1.11713, -0.743198, -16.4064, 0.612286, -2.09208, 0.054824
-1.219, -0.764003, -16.9597, 0.645995, -2.20161, 0.037072
-1.25421, -0.793872, -16.7629, 0.642328, -2.17736, -0.074583
-1.27526, -0.842166, -16.6363, 0.741429, -2.17856, -0.110253
