Fx [N], Fy [N], Fz [N], Mx [Nm], My [Nm], Mz [Nm]
0.342282, 0.003805, -2.26293, -0.43012, -0.201789, 0.010738
0.334873, 0.001817, -2.4341, -0.426573, -0.207438, 0.006647
0.331368, 0.012524, -2.55916, -0.446759, -0.230184, 9e-06
0.326824, 0.011081, -2.63185, -0.454325, -0.239268, -0.009365
0.318485, 0.017632, -2.81945, -0.435218, -0.24597, -0.02832
0.313441, 0.016284, -3.02663, -0.436141, -0.292001, -0.024526
0.288758, 0.026051, -3.25608, -0.47451, -0.306361, -0.017947
0.277978, 0.035991, -3.60639, -0.497534, -0.338395, -0.016166
0.260684, 0.033323, -3.94606, -0.459942, -0.381485, -0.003652
0.246663, 0.046274, -4.30984, -0.495136, -0.414553, 0.026151
0.228598, 0.086113, -4.75086, -0.563187, -0.435439, 0.035574
0.210779, 0.11906, -5.35452, -0.584477, -0.455049, 0.05487
0.197497, 0.137104, -5.97694, -0.647563, -0.480159, 0.051107
0.179037, 0.135809, -6.22352, -0.748864, -0.50623, 0.022086
0.181558, 0.126108, -6.4041, -0.779291, -0.530846, -0.035729
0.171347, 0.099809, -6.76663, -0.762598, -0.565888, -0.052985
0.175853, 0.083965, -7.13771, -0.723096, -0.587261, -0.090393
0.185346, 0.052714, -7.38917, -0.658847, -0.590339, -0.097358
0.210719, 0.038417, -7.68446, -0.600816, -0.603889, -0.079151
0.234641, 0.025905, -8.18655, -0.53764, -0.594189, -0.036113
0.272844, 0.016967, -8.48227, -0.498044, -0.539027, -0.025797
0.324309, 0.016591, -8.77672, -0.498194, -0.431187, 0.051556
0.382984, 0.020121, -9.61033, -0.490975, -0.311193, 0.061212
0.43689, 0.029825, -9.92254, -0.502501, -0.206096, 0.072387
0.463248, 0.026101, -9.9536, -0.505314, -0.163158, 0.042052
0.497166, 0.013917, -10.4619, -0.511149, -0.124022, 0.004903
0.518658, 0.010146, -10.6238, -0.553, -0.079055, -0.018051
0.547183, -0.011547, -10.7044, -0.523424, -0.062547, -0.02201
0.569404, -0.029438, -11.1128, -0.453458, -0.031525, -0.023088
0.636005, -0.017997, -11.6236, -0.421446, 0.072809, 0.013128
0.662394, -0.016576, -11.8662, -0.369325, 0.18957, 0.059335
0.712285, -0.032315, -12.465, -0.294963, 0.313987, 0.109979
0.747525, -0.003213, -13.0121, -0.397631, 0.445085, 0.16414
0.706172, 0.026832, -12.9199, -0.447885, 0.438347, 0.156295
0.661132, 0.047592, -13.2397, -0.466686, 0.452435, 0.086914
0.561173, 0.055342, -13.2921, -0.519115, 0.395288, -0.009189
0.417062, 0.070609, -13.1156, -0.563684, 0.177115, -0.058552
0.277428, 0.066728, -13.3373, -0.538275, -0.059462, -0.105668
0.117613, 0.07367, -13.2059, -0.558892, -0.322127, -0.119592
-0.04005, 0.094479, -13.2997, -0.559579, -0.587253, -0.119243
-0.194822, 0.132945, -13.6952, -0.568428, -0.824446, -0.099827
-0.332079, 0.17403, -13.6198, -0.598576, -1.0104, -0.075464
-0.478904, 0.251136, -13.956, -0.630181, -1.20572, -0.089316
-0.623602, 0.378774, -14.492, -0.750093, -1.37451, -0.095255
-0.766466, 0.500056, -14.4602, -0.819202, -1.43364, -0.103181
-0.933323, 0.63416, -14.7473, -0.879626, -1.50436, -0.1424
-1.15436, 0.79416, -15.127, -0.923447, -1.56366, -0.190444
-1.31847, 0.892727, -14.5964, -0.852711, -1.48004, -0.23515
-1.46569, 0.965981, -14.098, -0.696103, -1.2547, -0.200394
-1.70896, 1.08233, -14.2676, -0.576055, -1.04805, -0.151081
-1.84096, 1.13001, -13.8807, -0.361386, -0.653348, -0.150152
-1.93837, 1.16948, -13.3291, -0.193115, -0.373738, -0.247226
-2.05568, 1.22872, -13.5082, -0.038977, -0.224546, -0.262159
-2.05377, 1.22842, -13.0859, 0.090373, 0.084757, -0.196054
-1.98828, 1.20077, -12.4652, 0.009548, 0.161596, -0.14783
-2.04435, 1.21599, -12.4224, -0.478739, -0.424021, -0.092373
-1.99953, 1.18806, -12.0598, -0.768944, -1.16601, -0.088129
-1.85467, 1.12328, -11.5274, -1.00448, -1.77846, -0.051833
-1.79874, 1.11248, -11.696, -1.37024, -2.45914, -0.012642
-1.60666, 1.06404, -11.6344, -1.62741, -2.65936, 0.164223
-1.36042, 0.966537, -11.2461, -1.70565, -2.65634, 0.176337
-1.10854, 0.858465, -11.2323, -1.76937, -2.60695, 0.105377
-0.845125, 0.735666, -11.1873, -1.76243, -2.40488, 0.071776
-0.611839, 0.594944, -11.0689, -1.57717, -2.08966, 0.052517
-0.428388, 0.497844, -11.5666, -1.45046, -1.81442, 0.039374
-0.294614, 0.385924, -11.6574, -1.30998, -1.56258, 0.019785
-0.22974, 0.294725, -11.5553, -1.18871, -1.33498, -0.016585
-0.227831, 0.177251, -11.7166, -0.929273, -1.06248, 0.013529
-0.316813, 0.088836, -10.9207, -0.694456, -1.02157, -0.020366
-0.451983, 0.019076, -10.2885, -0.554754, -1.05256, -0.073793
-0.631569, -0.002386, -10.3694, -0.487793, -1.12954, -0.129572
-0.801438, -0.002477, -10.61, -0.44333, -1.23705, -0.210181
-0.950651, -0.00301, -11.1628, -0.384356, -1.44553, -0.133554
-1.08918, 0.061529, -11.8489, -0.38446, -2.04339, -0.076076
-1.09866, 0.106315, -12.3952, -0.593022, -2.48624, 0.075821
-1.02395, 0.117631, -12.8086, -0.685046, -2.55228, 0.153758
-0.923392, 0.086063, -13.0623, -0.773212, -2.49243, 0.092343
-0.816513, 0.010228, -12.7886, -0.742079, -2.32101, 0.006632
-0.727885, -0.098945, -12.4906, -0.655124, -2.08326, 0.001933
-0.652437, -0.209702, -12.0361, -0.513123, -1.8666, 0.045629
-0.614615, -0.30469, -11.6777, -0.396843, -1.72779, 0.02808
-0.626185, -0.379767, -11.8494, -0.284056, -1.66205, -0.027202
-0.603736, -0.471999, -11.6799, 0.065088, -1.54504, -0.071912
-0.650846, -0.497784, -12.2062, 0.401396, -1.76014, -0.014893
-0.682977, -0.463563, -12.8156, 0.388081, -1.88996, 0.091519
-0.680461, -0.419078, -12.8134, 0.265122, -1.92541, 0.126002
-0.698904, -0.416542, -13.2811, 0.238245, -2.11867, 0.002579
-0.729339, -0.379059, -13.98, 0.001602, -2.20135, -0.059767
-0.707546, -0.379153, -13.8057, -0.152005, -1.95088, 0.032308
-0.697222, -0.42949, -13.582, -0.102769, -1.8216, 0.035405
-0.707017, -0.469554, -13.5131, -0.08257, -1.75422, 0.045991
-0.716591, -0.485361, -13.1176, -0.100515, -1.70333, 0.000751
-0.738174, -0.535875, -13.2252, 0.019893, -1.7473, -0.070542
-0.737471, -0.600277, -13.3785, 0.377848, -1.84478, -0.073051
-0.733064, -0.605801, -13.3596, 0.551452, -1.9404, 0.010056
-0.778334, -0.585924, -14.0383, 0.503987, -2.10507, 0.080299
-0.812085, -0.565311, -14.5578, 0.358169, -2.27514, 0.085447
-0.781406, -0.562473, -14.5361, 0.278295, -2.24927, 0.085671
-0.758289, -0.593959, -14.6676, 0.328396, -2.244, 0.049564
-0.729302, -0.611079, -14.9134, 0.380652, -2.141, 0.127872
-0.70026, -0.600249, -14.7384, 0.286866, -1.97087, 0.153415
-0.687971, -0.616471, -14.5441, 0.207923, -1.88161, 0.043149
-0.70843, -0.645702, -14.8517, 0.198489, -1.85808, -0.029958
-0.723177, -0.684203, -14.7506, 0.203771, -1.77666, 0.071334
-0.729595, -0.713583, -14.5259, 0.272727, -1.74804, 0.022399
-0.725914, -0.783713, -14.7435, 0.604878, -1.76463, 0.031458
-0.769209, -0.82398, -15.1025, 0.801657, -1.88211, 0.121686
-0.788298, -0.802617, -15.3551, 0.79149, -1.97836, 0.16506
-0.787786, -0.791144, -15.4833, 0.837863, -2.02554, 0.097555
-0.802769, -0.778414, -15.7528, 0.880442, -2.14591, 0.009558
-0.797647, -0.761513, -16.0139, 0.862627, -2.23254, 0.038564
-0.770079, -0.727618, -15.8018, 0.786912, -2.14565, 0.094943
-0.779291, -0.730337, -16.1837, 0.709625, -2.1448, 0.132298
-0.794076, -0.698415, -16.2789, 0.507857, -2.06015, 0.150832
-0.781252, -0.675315, -15.8787, 0.326802, -1.97522, 0.003086
-0.799991, -0.712079, -16.0587, 0.348297, -1.96507, -0.046867
-0.80693, -0.727557, -15.8984, 0.396604, -1.90701, 0.08646
-0.809015, -0.732779, -15.7133, 0.431174, -1.90198, 0.074698
-0.83684, -0.748787, -16.097, 0.480776, -2.01833, 0.003237
-0.846946, -0.772401, -16.1572, 0.709863, -2.25345, -0.046872
-0.834758, -0.782614, -16.2938, 0.878353, -2.30545, 0.019724
-0.830177, -0.780677, -16.723, 0.917317, -2.2874, 0.083901
-0.806612, -0.753514, -16.7626, 0.837971, -2.22548, 0.136956
-0.769838, -0.74254, -16.8255, 0.775335, -2.23381, 0.13258
-0.778044, -0.748165, -17.4416, 0.544785, -2.27372, 0.078532
-0.749887, -0.761849, -17.2022, 0.345413, -2.01987, 0.034285
-0.733392, -0.808441, -16.1174, 0.347476, -1.83688, -0.057095
-0.73534, -0.895984, -16.0284, 0.44302, -1.75748, -0.066099
-0.746406, -0.93537, -15.6449, 0.615601, -1.6234, 0.032437
-0.784197, -0.988244, -15.7218, 0.955532, -1.67826, 0.026877
-0.8687, -1.02359, -16.63, 1.18927, -1.89986, 0.035664
-0.926227, -0.981787, -16.9309, 1.19705, -2.00303, -0.013868
-0.95675, -0.932679, -17.0278, 1.15056, -2.00638, -0.094283
-1.04503, -0.879665, -17.2438, 1.00024, -2.02448, -0.098392
-1.16193, -0.848992, -17.5476, 0.906444, -2.06828, -0.088463
-1.25055, -0.792619, -16.993, 0.715754, -2.06695, -0.104341
-1.33549, -0.735253, -16.5611, 0.648855, -2.07718, -0.13204
-1.47728, -0.707915, -16.8166, 0.664273, -2.22786, -0.151851
-1.58593, -0.647189, -16.7902, 0.686035, -2.34498, -0.154411
-1.68384, -0.566634, -16.976, 0.684419, -2.56371, -0.105491
-1.77345, -0.461773, -17.2534, 0.600183, -2.70355, -0.076201
-1.81596, -0.350079, -17.0766, 0.481904, -2.70106, -0.057248
-1.91308, -0.252385, -17.377, 0.364588, -2.78826, -0.141457
-1.95044, -0.175961, -17.3238, 0.233401, -2.78096, -0.158028
-1.98728, -0.111504, -17.1351, 0.192753, -2.90626, -0.178161
-2.05212, -0.026075, -17.625, 0.129744, -3.19274, -0.121968
-1.9888, 0.029423, -17.1658, 0.029131, -3.20063, -0.080921
-1.89741, 0.102851, -16.5524, -0.219575, -3.38427, -0.057467
-1.91848, 0.159354, -17.1841, -0.582642, -3.69756, -0.075987
-1.79442, 0.127191, -16.8734, -0.730257, -3.62139, -0.013956
-1.58325, 0.023823, -15.8196, -0.726047, -3.40619, -0.037793
-1.43059, -0.124976, -15.7851, -0.578708, -3.3224, 0.029983
-1.19767, -0.295259, -15.3709, -0.358908, -2.99106, 0.078125
-0.938749, -0.466476, -14.388, -0.084366, -2.57905, 0.081834
-0.744594, -0.622423, -14.4733, 0.2067, -2.34715, 0.016801
-0.554536, -0.729041, -14.6625, 0.478053, -2.10483, -0.002625
-0.376442, -0.751452, -14.3943, 0.612817, -1.80213, 0.033605
-0.215687, -0.807155, -14.4876, 0.841453, -1.4795, 0.085888
-0.122076, -0.810394, -14.6299, 0.934975, -1.26405, 0.123263
-0.070281, -0.785258, -14.6683, 0.887884, -1.16708, 0.056326
-0.061788, -0.752657, -14.9736, 0.657422, -1.18964, -0.041459
-0.033171, -0.775762, -15.0761, 0.493961, -1.01748, -0.082409
-0.019053, -0.813366, -14.4424, 0.446915, -0.873642, -0.091394
-0.022113, -0.872786, -14.0923, 0.467257, -0.847758, -0.02686
-0.014207, -0.957259, -14.0647, 0.515642, -0.850346, 0.008891
-0.012492, -0.982261, -13.6874, 0.575257, -0.886087, 0.026954
0.016434, -1.05035, -13.8134, 0.79306, -0.912857, 0.017489
0.029836, -1.12035, -13.9309, 1.1344, -0.819016, 0.016052
0.025589, -1.13507, -14.3248, 1.39932, -0.788808, 0.000235
0.019136, -1.14269, -14.7002, 1.45696, -0.778835, -0.049808
0.010096, -1.0998, -14.5023, 1.37984, -0.75756, -0.088669
-0.000365, -1.10739, -14.9488, 1.36663, -0.767314, 0.011541
-0.033065, -1.06014, -15.1514, 1.04201, -0.835537, 0.097244
-0.030723, -1.01598, -14.583, 0.759543, -0.832925, 0.007055
-0.005511, -1.07215, -14.681, 0.893903, -0.815058, -0.079716
0.016253, -1.0977, -14.4928, 1.00754, -0.595648, 0.041533
-0.024864, -1.11087, -14.5388, 1.202, -0.602844, 0.102972
-0.052102, -1.10129, -14.7412, 1.36519, -0.634845, 0.028469
-0.130781, -1.05677, -14.835, 1.40522, -0.738715, -0.036736
-0.233508, -1.00359, -15.2, 1.36044, -0.872642, -0.066563
-0.354378, -0.924248, -15.5948, 1.21889, -1.06946, -0.069982
-0.475386, -0.873174, -15.8347, 1.0938, -1.24144, -0.08014
-0.570991, -0.7978, -15.5861, 0.966756, -1.36685, -0.110581
-0.65091, -0.759889, -15.6889, 0.907411, -1.52238, -0.120234
-0.691581, -0.720023, -15.8641, 0.909252, -1.70032, -0.13239
-0.728768, -0.673085, -15.9037, 0.912306, -1.94566, -0.117514
-0.744533, -0.624947, -16.7131, 0.801453, -2.19682, -0.026599
-0.718322, -0.575373, -17.1813, 0.619621, -2.24029, 0.047098
-0.642985, -0.552504, -16.6466, 0.436886, -2.00974, 0.159004
-0.610259, -0.556302, -16.707, 0.24573, -1.98803, 0.020948
-0.560905, -0.629282, -16.5904, 0.22512, -1.77202, -0.059542
-0.531203, -0.705138, -15.6121, 0.278935, -1.55806, -0.069836
-0.558066, -0.764593, -15.4871, 0.423409, -1.44815, -0.091502
-0.617197, -0.84033, -15.7246, 0.606339, -1.38532, -0.049078
-0.669692, -0.862279, -15.1179, 0.724905, -1.36522, -0.048083
-0.740737, -0.876649, -15.337, 0.896345, -1.51741, -0.08464
-0.842857, -0.889719, -15.9889, 1.08927, -1.78969, -0.044275
-0.874208, -0.818742, -16.0227, 1.0464, -2.07417, -0.030914
-0.91544, -0.748298, -16.6705, 0.874107, -2.394, 0.002078
-0.903103, -0.723696, -16.9997, 0.607511, -2.51528, -0.003476
-0.810859, -0.751528, -16.7471, 0.588967, -2.4224, -0.032316
-0.694502, -0.779736, -16.7262, 0.660685, -2.27357, 0.00829
-0.542873, -0.803976, -16.1927, 0.665371, -2.05077, 0.037946
-0.372725, -0.82964, -15.6077, 0.737504, -1.80045, 0.023861
-0.195775, -0.862348, -15.8151, 0.889247, -1.53026, 0.033526
0.007569, -0.883473, -15.973, 0.922041, -1.2076, 0.035599
0.211967, -0.892006, -15.8838, 0.929254, -0.89556, 0.021483
0.393806, -0.914656, -15.9373, 0.964553, -0.5962, 0.006307
0.540055, -0.913556, -15.6153, 0.832369, -0.3581, 0.053626
0.629962, -0.925823, -15.1082, 0.753345, -0.187365, 0.079233
0.730565, -0.962913, -15.0245, 0.741169, -0.085102, 0.059224
0.784456, -0.970292, -14.681, 0.763857, -0.002773, 0.031131
0.83248, -0.971701, -14.4704, 0.826162, 0.104279, 0.085606
0.885279, -0.993428, -14.2579, 0.848691, 0.200493, 0.138716
0.898207, -0.988244, -13.8746, 0.975296, 0.272829, 0.158565
0.950584, -1.02037, -14.1689, 1.14298, 0.40735, 0.127887
0.951428, -0.996869, -14.1176, 1.10424, 0.640183, 0.110169
0.905807, -0.968441, -13.7119, 0.989937, 0.809639, 0.013628
0.882532, -0.98319, -14.0575, 1.05855, 0.835589, -0.057073
0.791416, -0.968856, -13.814, 1.04401, 0.77316, -0.070287
0.696588, -0.940452, -13.6584, 1.1049, 0.652091, -0.074352
0.632727, -0.966325, -14.416, 1.21463, 0.569361, -0.049437
0.531803, -0.915476, -14.4283, 1.1762, 0.399135, -0.06621
0.419227, -0.861421, -14.2575, 1.13549, 0.21199, -0.092275
0.34237, -0.85163, -14.851, 1.17832, 0.037056, -0.100041
0.278473, -0.804071, -14.7699, 1.14171, -0.164705, -0.083504
0.277698, -0.7536, -14.7746, 1.10629, -0.418651, -0.028289
0.316215, -0.702181, -15.1653, 0.959315, -0.496396, -0.002106
0.389066, -0.610977, -15.0899, 0.689296, -0.450458, 0.022614
0.510303, -0.560198, -15.4075, 0.603478, -0.305288, 0.006587
0.655638, -0.516884, -15.8508, 0.515412, -0.048038, 0.04886
0.732207, -0.48991, -15.3974, 0.412272, 0.163844, 0.112994
0.800623, -0.469908, -15.3695, 0.385324, 0.344718, 0.126922
0.81942, -0.468897, -15.1935, 0.239096, 0.647743, 0.04252
0.724286, -0.478838, -14.5057, 0.255079, 0.679422, -0.087758
0.640508, -0.550645, -14.5689, 0.408843, 0.586787, -0.093904
0.476452, -0.573788, -14.212, 0.493455, 0.351709, -0.124721
0.318141, -0.615088, -14.0957, 0.598428, 0.104395, -0.121302
0.172312, -0.624958, -14.5761, 0.657351, -0.142894, -0.132648
0.01401, -0.59051, -14.4161, 0.645428, -0.425808, -0.125082
-0.107604, -0.564841, -15.0316, 0.669939, -0.679608, -0.132307
-0.193401, -0.530167, -15.359, 0.606513, -0.868691, -0.108547
-0.2639, -0.478993, -15.3267, 0.52151, -0.964297, -0.095016
-0.353102, -0.458431, -15.8959, 0.375427, -1.06648, -0.065043
-0.465211, -0.456722, -15.9288, 0.231201, -1.20054, -0.095558
-0.581332, -0.475641, -16.068, 0.152522, -1.37208, -0.124753
-0.716134, -0.523112, -15.7445, 0.157842, -1.54775, -0.188616
-0.758422, -0.566888, -15.2177, 0.184955, -1.6458, -0.241112
-0.80788, -0.58869, -15.1723, 0.151101, -1.79134, -0.127246
-0.825641, -0.620148, -15.2883, 0.24592, -2.19699, -0.059863
-0.768573, -0.654941, -15.7754, 0.514625, -2.33841, -0.018957
-0.636572, -0.672533, -15.9384, 0.581305, -2.21456, -0.005123
-0.474657, -0.6691, -15.98, 0.627582, -1.96581, -0.03375
-0.29964, -0.720514, -16.2769, 0.623573, -1.67488, -0.037279
-0.141367, -0.770447, -15.9423, 0.599307, -1.36999, 0.014509
0.001, -0.815257, -15.0859, 0.608886, -1.09439, 0.074491
0.094714, -0.868533, -14.6891, 0.656196, -0.947248, -0.002321
0.182367, -0.918267, -14.5654, 0.684303, -0.817624, -0.04308
0.240428, -0.936038, -14.4017, 0.694725, -0.692114, -0.002422
0.282753, -0.965918, -14.3189, 0.704252, -0.584401, 0.010708
0.289178, -0.975307, -14.0658, 0.681951, -0.328339, 0.008811
0.285748, -1.01827, -13.9242, 0.870279, -0.104054, -0.07075
0.274373, -1.08768, -14.2395, 1.12528, -0.065264, -0.088783
0.213202, -1.06694, -13.9532, 1.15641, -0.091295, -0.082696
0.146564, -1.05792, -14.1984, 1.25423, -0.19737, -0.094889
0.042506, -1.08491, -14.9265, 1.32133, -0.335985, -0.103976
-0.055729, -1.02883, -14.6299, 1.19898, -0.46243, -0.067651
-0.13417, -1.00774, -14.5806, 1.08139, -0.569187, -0.106231
-0.249457, -1.03399, -14.9808, 1.00097, -0.721823, -0.103573
-0.350359, -1.02438, -14.742, 0.828585, -0.879306, -0.131199
-0.4411, -1.04503, -14.7392, 0.778216, -0.999598, -0.199373
-0.511145, -1.0883, -14.8145, 0.869503, -1.12471, -0.273047
-0.536858, -1.13465, -14.6626, 1.12794, -1.14633, -0.203724
-0.574975, -1.14063, -14.9735, 1.36858, -1.32312, -0.127148
-0.618239, -1.11859, -15.3481, 1.46467, -1.52017, -0.075718
-0.653309, -1.09416, -15.726, 1.43105, -1.65662, -0.054635
-0.691762, -1.08045, -16.2641, 1.40804, -1.79655, -0.086418
-0.693998, -1.06332, -16.2293, 1.25594, -1.88311, -0.126645
-0.686601, -1.02476, -16.1167, 0.866867, -1.71464, -0.139442
-0.680839, -1.04677, -15.8604, 0.778967, -1.48673, -0.087388
-0.677003, -1.04535, -15.2766, 0.817448, -1.37709, -0.085593
-0.687623, -1.07336, -15.0334, 0.894163, -1.33478, -0.119817
-0.72533, -1.10705, -15.2253, 1.09185, -1.37887, -0.190661
-0.770208, -1.08904, -15.1708, 1.20074, -1.42551, -0.205777
-0.828761, -1.04658, -15.1941, 1.2599, -1.53287, -0.184701
-0.953625, -1.03461, -15.8333, 1.22307, -1.65801, -0.162119
-1.03351, -0.980898, -15.7628, 1.05732, -1.69145, -0.133209
-1.12279, -0.943593, -15.8849, 0.943061, -1.76329, -0.180093
-1.26046, -0.958453, -16.2523, 0.839225, -1.88079, -0.234482
-1.33028, -0.942204, -15.9026, 0.733468, -1.87787, -0.248507
-1.39557, -0.934753, -15.8483, 0.709765, -1.89053, -0.257386
-1.46841, -0.942615, -15.651, 0.715876, -1.91068, -0.268773
-1.50487, -0.91199, -15.4741, 0.757498, -1.9363, -0.285524
-1.64362, -0.93619, -16.1284, 0.914294, -2.209, -0.268405
-1.72669, -0.935818, -16.4718, 1.01057, -2.47329, -0.189824
-1.78903, -0.913311, -16.7638, 0.979332, -2.78279, -0.126154
-1.80039, -0.836756, -16.7638, 0.569651, -3.08357, -0.070604
-1.70234, -0.828333, -16.0625, 0.303527, -3.01089, -0.064144
-1.6262, -0.870426, -15.9608, 0.298881, -3.02325, -0.103527
-1.53961, -0.923977, -15.8204, 0.384692, -3.05634, -0.058765
-1.44048, -0.961081, -15.6156, 0.553736, -3.06363, -0.019345
-1.37089, -1.0252, -16.0446, 0.796599, -3.10652, 0.01636
-1.2999, -1.04145, -16.0627, 0.974166, -3.00844, 0.085942
-1.18349, -1.04849, -15.8662, 1.09753, -2.84074, -0.026581
-1.18792, -1.06832, -16.2653, 1.1332, -2.77978, -0.053672
-1.14946, -1.05066, -16.0213, 0.813841, -2.23026, -0.023888
-1.09235, -0.99833, -14.9522, 0.695112, -1.90516, -0.049838
-1.12403, -1.02665, -14.8056, 0.829516, -1.8718, -0.094576
-1.18819, -1.0434, -15.1402, 1.01531, -2.03826, -0.162661
-1.22768, -1.0261, -15.1221, 1.10735, -2.24915, -0.193608
-1.29064, -0.990367, -15.6653, 1.18266, -2.6887, -0.137347
-1.30731, -1.00022, -16.1249, 1.21414, -2.84549, -0.095466
-1.25493, -0.975453, -15.9957, 1.21537, -2.77499, -0.065304
-1.24182, -0.964744, -16.0603, 1.19473, -2.77457, -0.066066
-1.20155, -0.926114, -15.8281, 1.13214, -2.75608, -0.098844
-1.17123, -0.901254, -15.6694, 1.0402, -2.79759, -0.093991
-1.17838, -0.866928, -15.9412, 0.909814, -2.86422, -0.069371
-1.12763, -0.843603, -15.6246, 0.839798, -2.77445, -0.021981
-1.1287, -0.855892, -15.7778, 0.954964, -2.80281, -0.052617
-1.14751, -0.900391, -16.3267, 1.0728, -2.84762, -0.054005
-1.13034, -0.851571, -16.2061, 0.986121, -2.76346, -0.030301
-1.10837, -0.841531, -16.0193, 1.0021, -2.65331, -0.038533
-1.12698, -0.885818, -16.4556, 1.2166, -2.58328, -0.055041
-1.12463, -0.879209, -16.452, 1.23342, -2.58731, -0.074502
-1.12457, -0.835596, -16.3861, 1.1834, -2.72747, -0.090414
-1.10055, -0.795437, -16.67, 1.17374, -2.81723, -0.08668
-1.06485, -0.736865, -16.9781, 1.06496, -2.81417, -0.054226
-0.975835, -0.66515, -16.9772, 0.894911, -2.709, 0.04121
-0.912315, -0.612547, -17.146, 0.73224, -2.60949, 0.104235
-0.836943, -0.567375, -17.288, 0.510387, -2.57102, 0.030583
-0.772779, -0.540813, -16.8901, 0.349869, -2.44105, -0.040534
-0.66244, -0.568464, -16.7112, 0.440661, -2.29583, -0.04448
-0.578304, -0.580174, -16.475, 0.547116, -2.16394, -0.018712
-0.513253, -0.58216, -16.4534, 0.660947, -1.97549, 0.048304
-0.431511, -0.572563, -16.6077, 0.772586, -1.71912, 0.091288
-0.416657, -0.527506, -16.7463, 0.756987, -1.55821, 0.042707
-0.464657, -0.448529, -17.464, 0.626005, -1.47435, 0.034901
-0.563171, -0.3707, -17.4483, 0.348723, -1.45706, -0.01875
-0.720833, -0.315245, -17.1838, 0.196044, -1.57051, -0.066652
