Fx [N], Fy [N], Fz [N], Mx [Nm], My [Nm], Mz [Nm]
0.20185, -0.264777, -3.40584, -0.410489, -0.396281, -0.048306
0.204783, -0.297074, -3.65985, -0.387786, -0.414567, -0.073534
0.184082, -0.325644, -3.95691, -0.350953, -0.404128, -0.048239
0.188102, -0.358709, -4.13367, -0.339915, -0.414221, -0.039332
0.183886, -0.399198, -4.34056, -0.293244, -0.400171, -0.03395
0.172052, -0.445112, -4.71868, -0.251519, -0.3639, -0.032632
0.153504, -0.476121, -4.99879, -0.307484, -0.267598, -0.036902
0.129545, -0.488979, -5.08407, -0.383888, -0.156227, -0.053363
0.11734, -0.51868, -5.16683, -0.377269, -0.102716, -0.06673
0.071735, -0.553055, -5.38301, -0.367419, -0.07153, -0.110935
0.024709, -0.598353, -5.71721, -0.294442, -0.104388, -0.224341
-0.035057, -0.64001, -6.13446, -0.173559, -0.170109, -0.284525
-0.094575, -0.684685, -6.5375, -0.031155, -0.275392, -0.261743
-0.155212, -0.726947, -7.06386, 0.119158, -0.380567, -0.176034
-0.20118, -0.746119, -7.42402, 0.257511, -0.442126, -0.117823
-0.276675, -0.783852, -8.01616, 0.414933, -0.553045, -0.091951
-0.335362, -0.8173, -8.57722, 0.425038, -0.570933, -0.081776
-0.380844, -0.802269, -8.52852, 0.239366, -0.495795, -0.119239
-0.421169, -0.799511, -8.70843, 0.166209, -0.484333, -0.142187
-0.495209, -0.842596, -9.08983, 0.128964, -0.515616, -0.194165
-0.513281, -0.83361, -8.88713, 0.093087, -0.52713, -0.216701
-0.573275, -0.876816, -9.1683, 0.238425, -0.855701, -0.248825
-0.614434, -0.912481, -9.6011, 0.38872, -1.30425, -0.143274
-0.59498, -0.899577, -9.72951, 0.45111, -1.51187, -0.059022
-0.553376, -0.923789, -10.2109, 0.549026, -1.71324, -0.013488
-0.439013, -0.96902, -10.6845, 0.61378, -1.70537, 0.049455
-0.261211, -0.993025, -10.7186, 0.646296, -1.55282, 0.162642
-0.101137, -1.05587, -10.9395, 0.76558, -1.36828, 0.102568
0.115147, -1.09187, -11.1532, 0.87532, -1.10498, 0.113442
0.311783, -1.07739, -10.6626, 0.920002, -0.828388, 0.20812
0.483869, -1.07103, -10.7104, 0.921586, -0.579196, 0.270173
0.657277, -1.02282, -10.9634, 0.82596, -0.371282, 0.273472
0.80716, -0.948835, -10.835, 0.666357, -0.239945, 0.238167
0.979761, -0.972643, -11.0631, 0.707865, -0.041455, 0.236863
1.0869, -0.91124, -11.0536, 0.594014, 0.09596, 0.26604
1.14272, -0.868025, -10.8293, 0.521644, 0.139818, 0.246431
1.24602, -0.868161, -11.1995, 0.512688, 0.295647, 0.281439
1.27286, -0.854799, -10.9876, 0.470652, 0.426955, 0.321261
1.24507, -0.840654, -10.5579, 0.495466, 0.538024, 0.278909
1.29356, -0.867434, -10.8785, 0.569748, 0.864048, 0.182261
1.24731, -0.847226, -10.6462, 0.528965, 0.9826, 0.061081
1.22261, -0.891869, -10.7202, 0.698426, 1.06875, 0.04743
1.20386, -0.916783, -11.068, 0.849116, 1.11129, 0.042358
1.12555, -0.877987, -10.8892, 0.925972, 1.07257, 0.00634
1.07854, -0.863282, -11.0545, 1.02605, 1.04579, -0.023933
1.08492, -0.868355, -11.8828, 1.12948, 1.06606, 0.013275
1.06358, -0.827088, -12.1133, 1.06042, 1.04652, 0.071304
1.01965, -0.781721, -12.268, 1.05603, 1.02512, 0.001778
1.02902, -0.773177, -12.7276, 1.04055, 1.02372, -0.019363
0.993873, -0.732928, -12.828, 0.861833, 1.05474, 0.023688
0.923174, -0.697134, -12.6757, 0.606893, 0.97337, -0.057817
0.886031, -0.725644, -13.1841, 0.55666, 0.869504, -0.111134
0.836677, -0.760074, -13.0954, 0.486864, 0.717336, -0.117922
0.761052, -0.781403, -12.3138, 0.391294, 0.502529, -0.114455
0.755047, -0.822738, -12.2087, 0.428803, 0.299231, -0.123131
0.795778, -0.869128, -12.3777, 0.51222, 0.196795, -0.056445
0.862737, -0.912421, -12.6591, 0.73351, 0.179787, 0.011457
0.92824, -0.959332, -13.1279, 0.998906, 0.37569, 0.165146
1.00178, -1.00596, -13.5416, 1.184, 0.631773, 0.198125
1.02043, -0.972583, -13.631, 1.18114, 0.838294, 0.184584
0.983599, -0.946925, -13.6111, 1.11708, 0.962986, 0.109461
0.914896, -0.931667, -13.551, 1.02391, 0.977981, 0.019692
0.784939, -0.921049, -13.3615, 0.995015, 0.874132, -0.069704
0.662731, -0.938142, -13.3959, 1.02301, 0.691419, -0.114163
0.537998, -0.960101, -13.5659, 1.04624, 0.501919, -0.102388
0.429242, -0.944524, -13.334, 1.02591, 0.309787, -0.107661
0.349385, -0.952945, -13.4563, 1.08393, 0.165002, -0.116586
0.31398, -0.978809, -13.943, 1.1541, 0.023133, -0.125843
0.274735, -0.949062, -14.0974, 1.03645, -0.313103, -0.015258
0.280651, -0.937238, -14.2554, 1.0025, -0.495488, 0.020656
0.316079, -0.963311, -14.5603, 1.05233, -0.404106, 0.068718
0.338835, -1.00622, -14.836, 1.03936, -0.359035, -0.010906
0.359396, -1.01511, -14.6174, 0.876961, -0.110732, -0.00616
0.322138, -1.00978, -14.3391, 0.867789, 0.018157, -0.064305
0.256145, -1.06254, -14.5526, 0.970345, 0.054398, -0.097891
0.148542, -1.0988, -14.1757, 1.04215, -0.062717, -0.120519
0.013706, -1.12251, -13.9817, 1.11834, -0.219765, -0.135051
-0.143201, -1.16643, -14.4086, 1.15674, -0.437337, -0.188354
-0.32314, -1.15474, -14.1567, 1.09363, -0.651826, -0.204594
-0.490522, -1.14995, -14.3584, 1.14273, -0.859624, -0.175151
-0.680528, -1.15507, -14.6946, 1.14171, -1.07105, -0.213769
-0.819446, -1.09415, -14.5482, 1.06631, -1.24159, -0.245535
-0.93405, -1.09114, -14.6851, 1.06001, -1.43176, -0.269127
-1.02472, -1.06227, -14.8468, 0.980651, -1.55365, -0.213622
-1.06686, -1.03127, -14.7908, 0.875633, -1.72563, -0.225034
-1.12192, -0.991549, -15.0548, 0.630159, -2.14059, -0.141524
-1.091, -1.04475, -15.1107, 0.605501, -2.25724, -0.044894
-1.00556, -1.09983, -14.8264, 0.548942, -2.20379, -0.013721
-0.919096, -1.18809, -14.7553, 0.58821, -2.10745, 0.007976
-0.798724, -1.2523, -14.2928, 0.599643, -1.99555, -0.004597
-0.681557, -1.33039, -14.1129, 0.681834, -1.91121, 0.015179
-0.570182, -1.43139, -14.3037, 0.777655, -1.81931, 0.023646
-0.487123, -1.49049, -14.2744, 0.918087, -1.73785, 0.05061
-0.374516, -1.53764, -14.0683, 1.11391, -1.67763, 0.061348
-0.266263, -1.58567, -14.4399, 1.30838, -1.58469, 0.078712
-0.163535, -1.62029, -14.6462, 1.28331, -1.38378, 0.231754
-0.105281, -1.59595, -14.2016, 1.17028, -1.23669, 0.259371
-0.058128, -1.6319, -14.3847, 1.08894, -1.12396, 0.114118
-0.006108, -1.67427, -14.199, 1.07638, -0.76727, -0.012354
-0.041217, -1.70551, -14.0686, 1.22588, -0.498913, 0.038063
-0.11842, -1.73007, -14.0256, 1.26969, -0.473157, 0.047376
-0.234177, -1.66345, -13.3731, 1.20185, -0.458744, -0.100829
-0.364332, -1.69651, -13.7575, 1.36618, -0.543804, -0.149943
-0.53568, -1.71034, -14.0725, 1.4428, -0.703626, -0.239789
-0.654235, -1.62346, -13.6132, 1.39368, -0.79492, -0.222032
-0.798373, -1.6489, -14.2436, 1.57307, -1.02569, -0.218097
-0.946314, -1.66215, -14.8425, 1.55931, -1.19321, -0.202789
-1.02455, -1.57829, -14.6137, 1.2593, -1.25196, -0.267116
-1.10525, -1.58218, -14.8824, 1.10387, -1.38736, -0.304507
-1.17039, -1.61387, -15.1101, 0.943867, -1.49529, -0.223001
-1.14384, -1.57279, -14.4833, 0.727997, -1.54406, -0.15146
-1.13129, -1.59093, -14.3357, 0.737097, -1.80866, -0.146968
-1.10278, -1.63391, -14.4153, 0.873111, -1.99555, -0.063553
-1.04934, -1.63759, -14.3248, 1.01156, -2.0798, -0.004573
-1.00291, -1.70397, -14.5086, 1.18357, -2.16722, 0.018369
-0.976877, -1.75073, -14.8688, 1.28987, -2.2007, -0.001938
-0.915113, -1.77, -14.8999, 1.27372, -2.11898, -0.025665
-0.873543, -1.80542, -14.8626, 1.26905, -1.9696, -0.058563
-0.861081, -1.81845, -14.9558, 1.0495, -1.61747, -0.025025
-0.854856, -1.76916, -14.4658, 0.865859, -1.35033, -0.019461
-0.827371, -1.76364, -13.906, 0.964946, -1.17842, -0.099546
-0.871853, -1.85369, -14.2754, 1.41017, -1.31638, -0.154584
-0.895405, -1.85243, -14.3032, 1.63573, -1.68422, -0.117221
-0.957493, -1.89144, -15.0745, 1.77313, -2.06084, -0.021423
-0.97089, -1.89513, -15.5568, 1.56464, -2.169, 0.037528
-0.903904, -1.78953, -14.744, 1.03551, -1.84284, 0.066514
-0.876189, -1.84609, -14.8589, 0.956583, -1.74818, -0.014391
-0.863426, -1.84204, -14.7333, 0.848505, -1.58941, -0.035291
-0.827989, -1.82864, -14.1977, 0.836575, -1.45545, -0.016108
-0.84182, -1.91654, -14.5396, 1.15586, -1.57796, 0.008031
-0.856598, -1.92355, -14.5077, 1.46908, -1.737, 0.018128
-0.823177, -1.91517, -14.2551, 1.6603, -1.71059, 0.032264
-0.842095, -1.95348, -14.6349, 1.84555, -1.7227, -0.062297
-0.835664, -1.94709, -14.7485, 1.84141, -1.60011, -0.083998
-0.831512, -1.90419, -14.548, 1.68393, -1.381, -0.070983
-0.836077, -1.90311, -14.5543, 1.62279, -1.34319, -0.069595
-0.859646, -1.8977, -14.5759, 1.66056, -1.3806, -0.059977
-0.849948, -1.87703, -14.4912, 1.7047, -1.39844, -0.054937
-0.890035, -1.91034, -14.6045, 1.90732, -1.57885, -0.050287
-0.943087, -1.96185, -15.2181, 2.10503, -1.9541, -0.019366
-0.928416, -1.94412, -15.3315, 2.05774, -2.09511, 0.039287
-0.880088, -1.87416, -14.943, 1.87301, -2.07977, 0.171948
-0.867335, -1.86422, -15.12, 1.80824, -2.11908, 0.190651
-0.86552, -1.8443, -15.2784, 1.67074, -2.17466, 0.155632
-0.821458, -1.82294, -15.0481, 1.63643, -2.07317, 0.124574
-0.80889, -1.87325, -15.13, 1.70337, -1.92429, 0.142693
-0.794436, -1.85287, -15.1626, 1.52055, -1.54446, 0.102542
-0.78327, -1.83745, -14.711, 1.54468, -1.27862, -0.019628
-0.836774, -1.85465, -14.7887, 1.69847, -1.28091, -0.10502
-0.907029, -1.86256, -15.0015, 1.90976, -1.36266, -0.130449
-0.980959, -1.83914, -15.1327, 2.01509, -1.46912, -0.088859
-1.06294, -1.80766, -15.3193, 2.05339, -1.54133, -0.160026
-1.16607, -1.75829, -15.5593, 2.06207, -1.63114, -0.190195
-1.25759, -1.72256, -15.7166, 1.9815, -1.67394, -0.198624
-1.33444, -1.64601, -15.5509, 1.72152, -1.62334, -0.205479
-1.38945, -1.58847, -15.2341, 1.45646, -1.56004, -0.211454
-1.46497, -1.57022, -15.2863, 1.2662, -1.61335, -0.272341
-1.53146, -1.54577, -15.2386, 1.10849, -1.70227, -0.367535
-1.62676, -1.56171, -15.5841, 1.13996, -1.97201, -0.37408
-1.65308, -1.58043, -15.6646, 1.23699, -2.30035, -0.160501
-1.60931, -1.56139, -15.3399, 1.45806, -2.55495, -0.094141
-1.56846, -1.58643, -15.4172, 1.6436, -2.60891, -0.074089
-1.56873, -1.58091, -15.62, 1.64806, -2.71147, -0.057849
-1.53858, -1.5526, -15.5588, 1.55521, -2.79577, -0.092205
-1.50611, -1.52134, -15.5157, 1.53014, -2.83777, -0.134199
-1.48974, -1.56042, -15.7668, 1.71862, -2.86771, -0.145
-1.43708, -1.56202, -15.6581, 1.75758, -2.76997, -0.054447
-1.41137, -1.51815, -15.4697, 1.48734, -2.69143, -0.029762
-1.42366, -1.46923, -15.5603, 1.14927, -2.63615, -0.053205
-1.39597, -1.48571, -15.4104, 1.06509, -2.51965, -0.075716
-1.33054, -1.46005, -14.9199, 0.936606, -2.26448, -0.054514
-1.31907, -1.4647, -14.8261, 0.995922, -2.35087, -0.021933
-1.36617, -1.51977, -15.1296, 1.31145, -2.71283, -0.002891
-1.35951, -1.53994, -15.3336, 1.5621, -2.84048, 2.8e-05
-1.34212, -1.56371, -15.7015, 1.60418, -2.90859, 0.010077
-1.30185, -1.57066, -15.7961, 1.41371, -2.84127, 0.049625
-1.23358, -1.55055, -15.4774, 1.1309, -2.56483, 0.066853
-1.20597, -1.59053, -15.4193, 1.01007, -2.35602, -0.003184
-1.19423, -1.63622, -15.4017, 0.946517, -2.22598, -0.014297
-1.17573, -1.65367, -15.1728, 0.910584, -2.03848, -0.022279
-1.19297, -1.71576, -15.2624, 1.11033, -1.91707, -0.015758
-1.18866, -1.79152, -15.3538, 1.63708, -1.84011, -0.055388
-1.24726, -1.81605, -15.6586, 1.91301, -1.96842, -0.071106
-1.31318, -1.80602, -16.0389, 1.97907, -1.98168, -0.076899
-1.36254, -1.74236, -15.844, 1.91803, -1.92855, -0.159835
-1.4533, -1.73782, -16.204, 1.9639, -2.07728, -0.172638
-1.49539, -1.70729, -16.2577, 1.89076, -2.08517, -0.133675
-1.47221, -1.6225, -15.7472, 1.63878, -1.94724, -0.102079
-1.52452, -1.59976, -15.8091, 1.35815, -2.04855, -0.13031
-1.54339, -1.55096, -15.7318, 1.07977, -2.41527, -0.071314
-1.53149, -1.57476, -15.6652, 1.18678, -2.74728, -0.020228
-1.49827, -1.61937, -15.9049, 1.40858, -2.88265, 0.01073
-1.47001, -1.64489, -16.0342, 1.56213, -2.98278, 0.041393
-1.41307, -1.6571, -16.1044, 1.6205, -3.02898, 0.130994
-1.31675, -1.65254, -16.0375, 1.62612, -3.00624, 0.077844
-1.22, -1.66402, -15.9604, 1.59198, -2.96216, 0.039702
-1.12868, -1.69125, -16.048, 1.6167, -2.87551, 0.087821
-1.03008, -1.71179, -16.1433, 1.60093, -2.73586, 0.165531
-0.923845, -1.72832, -15.897, 1.56916, -2.58146, 0.222056
-0.827938, -1.76629, -15.9527, 1.66637, -2.48391, 0.161243
-0.730235, -1.80409, -16.0723, 1.79113, -2.35508, 0.206421
-0.638428, -1.79526, -15.8299, 1.88435, -2.20387, 0.246132
-0.553401, -1.8094, -15.8044, 1.92269, -2.07998, 0.230065
-0.520149, -1.7882, -15.8634, 1.8561, -1.979, 0.231188
-0.471469, -1.77778, -15.7264, 1.83667, -1.93272, 0.163741
-0.426147, -1.79428, -15.8236, 1.946, -1.8823, 0.127515
-0.385371, -1.84308, -15.8737, 2.11588, -1.71175, 0.205521
-0.341285, -1.81106, -15.5852, 2.11001, -1.45826, 0.257947
-0.33634, -1.80049, -15.4668, 2.09232, -1.31973, 0.171819
-0.353678, -1.83226, -15.7701, 2.18926, -1.27272, 0.096101
-0.341852, -1.81589, -15.5895, 2.26122, -1.24876, 0.066858
-0.369539, -1.80928, -15.6989, 2.34535, -1.32836, 0.103654
-0.391098, -1.82524, -16.0551, 2.35383, -1.36086, 0.184532
-0.389222, -1.75885, -15.771, 2.21915, -1.29615, 0.146478
-0.398412, -1.73347, -15.6435, 2.12206, -1.14606, 0.033208
-0.425568, -1.72478, -15.7539, 2.06744, -1.11667, -0.02586
-0.476295, -1.70354, -15.5604, 2.05244, -1.12596, -0.017105
-0.546842, -1.68582, -15.7258, 2.20738, -1.26402, -0.070353
-0.605244, -1.65936, -15.8952, 2.29046, -1.42524, -0.112182
-0.656423, -1.58807, -15.9948, 2.30354, -1.55752, -0.068197
-0.720933, -1.55082, -16.3139, 2.24301, -1.65559, -0.025855
-0.744048, -1.49914, -16.32, 2.18615, -1.78825, -0.022494
-0.782936, -1.47366, -16.6109, 2.10964, -2.01705, -0.065109
-0.791833, -1.43465, -16.7676, 1.88313, -2.2378, -0.027227
-0.74906, -1.3864, -16.3488, 1.56902, -2.19293, 0.044617
-0.712043, -1.38259, -16.1685, 1.37752, -2.09354, 0.049169
-0.658951, -1.38575, -15.8545, 1.26017, -1.98432, -0.007522
-0.606949, -1.39891, -15.4645, 1.30082, -1.93153, -0.031336
-0.577537, -1.4269, -15.4188, 1.5452, -1.95451, -0.013288
-0.540555, -1.46691, -15.5161, 1.95523, -1.81526, -0.011656
-0.537823, -1.47406, -15.6077, 2.15344, -1.6314, 0.094172
-0.567927, -1.4408, -15.9773, 2.13775, -1.6232, 0.048727
-0.617316, -1.39838, -16.3599, 2.12252, -1.63756, -0.034475
-0.668348, -1.35238, -16.5124, 2.02941, -1.63309, -0.082125
-0.704013, -1.29214, -16.5512, 1.84673, -1.57661, -0.065683
-0.760329, -1.25716, -16.3795, 1.62087, -1.55834, -0.090138
-0.81841, -1.24009, -16.2516, 1.46651, -1.56864, -0.109261
-0.874756, -1.23317, -16.073, 1.34621, -1.60487, -0.125466
-0.92704, -1.23407, -16.0272, 1.37291, -1.64195, -0.160108
-0.980243, -1.23255, -15.9803, 1.44438, -1.68263, -0.155847
-1.03633, -1.21448, -16.0086, 1.55353, -1.81011, -0.10256
-1.10347, -1.19764, -16.1066, 1.63018, -1.97386, -0.103438
-1.15933, -1.15062, -16.4721, 1.67237, -2.1407, -0.083215
-1.22664, -1.12668, -16.9087, 1.6441, -2.31387, -0.081013
-1.26491, -1.08439, -16.9814, 1.49162, -2.35936, -0.069409
-1.30327, -1.02197, -17.0998, 0.92032, -2.42714, -0.044776
-1.26135, -1.02536, -16.5295, 0.686845, -2.42622, -0.065719
-1.21495, -1.06323, -15.9762, 0.677103, -2.42243, -0.077402
-1.1804, -1.11206, -15.9041, 0.824095, -2.49743, -0.12817
-1.11884, -1.15235, -15.5462, 1.16048, -2.6023, -0.036738
-1.0587, -1.16109, -15.5729, 1.4862, -2.61652, -0.018594
-0.992106, -1.12961, -15.7291, 1.62021, -2.59972, 0.093144
-0.918237, -1.048, -16.0526, 1.55311, -2.61049, 0.070151
-0.825565, -0.983971, -16.5621, 1.41925, -2.54274, 0.027556
-0.694889, -0.869656, -16.7847, 1.22654, -2.38367, 0.061933
-0.525096, -0.800215, -16.923, 1.06828, -2.12809, 0.077388
-0.363863, -0.765441, -17.5223, 0.943126, -1.83493, 0.086668
-0.140332, -0.780794, -16.8762, 0.798573, -1.47398, 0.068174
0.047115, -0.817908, -15.91, 0.798916, -1.13302, 0.016904
0.260891, -0.87508, -15.1609, 0.804187, -0.830123, -0.025222
0.432024, -0.910462, -14.3602, 0.826202, -0.592028, -0.022751
0.650462, -0.931445, -13.9721, 0.815993, -0.345109, 0.002871
0.827149, -0.960445, -13.9192, 0.841747, -0.11619, 0.054129
0.992832, -0.928785, -13.7454, 0.814929, 0.083628, 0.125384
1.12582, -0.902644, -13.4278, 0.816616, 0.254767, 0.136403
1.1947, -0.848399, -13.1361, 0.772267, 0.370505, 0.161392
1.30258, -0.832659, -13.4256, 0.837559, 0.648055, 0.207204
1.35743, -0.81085, -13.4817, 0.844109, 0.986113, 0.250993
1.31167, -0.792437, -13.1294, 0.752492, 1.30903, 0.111648
1.22044, -0.783054, -13.1506, 0.723637, 1.40008, -0.016725
1.02233, -0.777338, -12.6481, 0.70233, 1.23341, -0.082937
0.775026, -0.762537, -11.9667, 0.705747, 0.886077, -0.097085
0.544005, -0.802439, -12.1574, 0.847647, 0.540263, -0.15451
0.274312, -0.791403, -12.2458, 0.896485, 0.084325, -0.217413
0.025693, -0.755637, -12.1966, 0.86976, -0.362395, -0.230625
-0.206217, -0.701136, -12.9411, 0.895846, -0.761864, -0.182276
-0.374722, -0.596341, -13.1774, 0.80523, -1.06414, -0.134314
-0.519321, -0.503077, -13.9638, 0.691004, -1.38535, -0.106135
-0.600183, -0.425714, -14.8132, 0.596496, -1.62437, -0.0938
-0.643124, -0.359811, -14.8124, 0.460174, -1.73744, -0.127397
-0.671623, -0.336703, -15.1708, 0.372946, -1.91794, -0.124838
-0.69633, -0.294654, -15.3434, 0.19208, -2.06132, -0.07848
-0.6465, -0.281963, -14.8346, -0.001813, -1.96419, -0.058511
-0.607436, -0.311728, -14.6068, -0.039771, -1.65982, -0.101829
-0.616804, -0.329496, -14.389, 0.019077, -1.41287, -0.171211
-0.668011, -0.341356, -14.105, 0.107269, -1.45858, -0.273066
-0.756476, -0.33511, -14.3399, 0.165632, -1.57648, -0.273717
-0.85644, -0.31858, -14.5937, 0.234056, -1.63632, -0.21993
-0.954082, -0.266639, -14.6552, 0.212031, -1.7249, -0.269918
-1.09562, -0.217486, -15.0993, 0.125258, -1.90263, -0.329471
-1.23179, -0.167819, -15.5374, 0.024794, -2.09089, -0.383509
-1.30987, -0.150396, -15.5618, -0.110882, -2.24065, -0.477203
-1.39433, -0.124408, -15.7837, -0.180667, -2.41379, -0.500589
-1.38458, -0.134559, -15.3933, -0.210416, -2.45919, -0.505023
-1.34739, -0.155069, -15.0637, -0.19827, -2.55263, -0.537657
-1.31863, -0.152168, -15.0846, -0.191177, -2.67038, -0.489226
-1.23708, -0.134591, -14.8912, -0.162417, -2.76949, -0.398981
-1.15586, -0.119756, -14.8948, -0.121567, -2.84846, -0.293846
-1.09065, -0.086764, -15.2815, -0.131621, -2.85689, -0.201402
-0.943798, -0.033098, -15.0897, -0.215868, -2.70411, -0.122984
-0.842062, -0.000118, -15.1176, -0.276833, -2.5537, -0.074809
-0.76074, 0.037478, -15.4962, -0.390539, -2.4305, -0.036263
-0.671794, 0.040333, -15.1434, -0.448871, -2.27716, -0.066409
-0.600985, 0.041447, -15.0884, -0.49888, -2.18659, -0.103283
-0.550718, 0.031376, -14.9655, -0.54878, -2.04416, -0.163263
-0.496831, 0.031586, -14.5237, -0.570303, -1.92458, -0.191155
-0.449826, 0.017349, -14.3891, -0.532714, -1.82664, -0.200065
-0.435795, 0.009801, -14.2807, -0.536622, -1.78655, -0.20799
-0.387848, 0.000911, -14.0156, -0.487115, -1.71655, -0.232801
-0.373666, 0.003682, -14.3276, -0.479975, -1.66719, -0.225586
-0.346593, -0.007006, -14.2387, -0.584261, -1.44743, -0.267245
-0.358833, -0.030914, -13.9557, -0.516742, -1.27704, -0.306552
-0.391984, -0.072186, -14.1691, -0.453419, -1.28459, -0.331
-0.449726, -0.095707, -13.7336, -0.39762, -1.27508, -0.324414
-0.513579, -0.150879, -13.6728, -0.284442, -1.36163, -0.34857
-0.626702, -0.195109, -13.8464, -0.237854, -1.42299, -0.318076
-0.755331, -0.198667, -13.518, -0.225124, -1.49508, -0.32897
-0.860788, -0.250138, -13.5178, -0.131675, -1.58497, -0.363878
-0.967075, -0.266176, -13.4111, -0.06896, -1.64346, -0.397435
-1.05997, -0.279215, -13.5504, 0.042323, -1.7738, -0.370065
-1.13007, -0.2502, -13.8532, 0.172792, -1.93365, -0.268374
-1.18925, -0.221284, -14.1225, 0.245414, -2.22406, -0.196693
-1.1894, -0.167249, -14.3444, 0.137821, -2.52159, -0.206828
-1.18592, -0.130455, -14.5372, -0.039962, -2.72965, -0.249531
-1.16684, -0.06434, -15.0459, -0.250402, -2.86208, -0.186277
-1.08346, -0.052889, -14.8702, -0.389517, -2.81679, -0.121951
-0.974534, -0.062261, -14.4449, -0.429045, -2.65603, -0.07557
-0.910172, -0.103582, -14.4726, -0.455837, -2.55637, -0.042328
-0.811997, -0.146557, -13.977, -0.456059, -2.37675, -0.011869
-0.715375, -0.20437, -13.505, -0.383409, -2.26037, -0.061389
-0.666778, -0.271471, -13.7465, -0.243907, -2.21673, -0.081196
-0.60202, -0.321761, -13.8462, -0.142326, -2.13235, -0.052841
-0.508188, -0.366556, -13.481, -0.040478, -1.99841, -0.021805
-0.421467, -0.426529, -13.7267, 0.114873, -1.8917, -0.0417
-0.328782, -0.438662, -13.8049, 0.172104, -1.73391, -0.018654
-0.240062, -0.473219, -13.5232, 0.189578, -1.5669, -0.010678
-0.133863, -0.505323, -13.4569, 0.223194, -1.40813, -0.004922
-0.040122, -0.526437, -13.2177, 0.272084, -1.23184, -0.009538
0.039917, -0.554882, -12.9525, 0.308786, -1.08578, -0.020835
0.115423, -0.581853, -12.8703, 0.378031, -0.978404, -0.035838
