Fx [N], Fy [N], Fz [N], Mx [Nm], My [Nm], Mz [Nm]
0.526988, -0.087035, -2.76348, -0.334772, 0.129275, -0.028658
0.535429, -0.081755, -2.75384, -0.350869, 0.122337, -0.042599
0.540247, -0.078071, -2.77875, -0.376823, 0.135878, -0.06823
0.540384, -0.080013, -2.79329, -0.421337, 0.137324, -0.080413
0.544912, -0.076738, -2.80513, -0.424468, 0.174642, -0.066037
0.550298, -0.086251, -2.82939, -0.433884, 0.180442, -0.069419
0.548037, -0.087174, -2.82747, -0.431928, 0.203925, -0.072274
0.544871, -0.08914, -2.85367, -0.423653, 0.203062, -0.075837
0.551378, -0.092763, -2.8559, -0.427938, 0.209276, -0.083925
0.536311, -0.099408, -2.90985, -0.412345, 0.217139, -0.071795
0.548197, -0.103236, -2.96939, -0.400966, 0.212007, -0.036555
0.55092, -0.118098, -3.07548, -0.337421, 0.202705, -0.023901
0.554619, -0.139418, -3.13482, -0.22423, 0.194084, -0.001245
0.549839, -0.153181, -3.20101, -0.191887, 0.185443, 0.000386
0.562896, -0.158616, -3.31752, -0.167718, 0.185449, 0.007997
0.579035, -0.16899, -3.46828, -0.162183, 0.159382, 0.015135
0.57873, -0.164019, -3.52308, -0.175959, 0.140017, -0.001558
0.594373, -0.156319, -3.58761, -0.182145, 0.111651, -0.003658
0.614508, -0.158357, -3.69637, -0.190951, 0.114688, -0.001651
0.639536, -0.153437, -3.96024, -0.192295, 0.126812, -0.002395
0.67834, -0.149993, -4.27908, -0.224766, 0.144616, -0.022191
0.695639, -0.143136, -4.47916, -0.270722, 0.144059, -0.129092
0.728566, -0.141268, -4.71347, -0.310496, 0.120672, -0.152714
0.7666, -0.138225, -5.08025, -0.338605, 0.155025, -0.155972
0.798888, -0.128708, -5.39228, -0.381605, 0.167859, -0.141427
0.813791, -0.12906, -5.60933, -0.455978, 0.209791, -0.109007
0.837955, -0.140428, -5.9329, -0.472088, 0.316744, -0.159495
0.877596, -0.159031, -6.2696, -0.46019, 0.40606, -0.174452
0.872087, -0.169614, -6.33428, -0.451367, 0.506949, -0.182483
0.882487, -0.201842, -6.50114, -0.387376, 0.566049, -0.1832
0.915482, -0.235922, -6.87545, -0.330096, 0.629037, -0.183435
0.938882, -0.254815, -7.2769, -0.278833, 0.730635, -0.134576
0.948054, -0.265933, -7.54374, -0.191003, 0.808822, -0.104892
0.957886, -0.301827, -7.8376, -0.044278, 0.857311, -0.127216
0.982315, -0.329846, -8.23018, 0.103233, 0.83481, -0.068867
0.992783, -0.337974, -8.5036, 0.155686, 0.767578, 0.019108
0.996425, -0.318813, -8.65405, 0.134678, 0.707105, 0.045225
1.02506, -0.290116, -8.77854, 0.144875, 0.636704, 0.061675
1.05822, -0.256659, -8.99049, 0.111268, 0.640992, 0.054175
1.10383, -0.21612, -9.10314, 0.080846, 0.640985, 0.07639
1.1584, -0.165172, -9.41568, 0.043305, 0.689145, 0.081887
1.23029, -0.120213, -9.91716, 0.011091, 0.775329, 0.102586
1.2871, -0.060972, -10.2189, -0.04304, 0.862928, 0.145402
1.32897, -0.013523, -10.4675, -0.083992, 0.91024, 0.129421
1.36648, 0.050489, -10.7216, -0.135111, 0.951287, 0.137042
1.38375, 0.087744, -10.8231, -0.227956, 0.94521, 0.1275
1.41481, 0.161022, -11.0664, -0.485187, 0.949626, 0.114846
1.41325, 0.185029, -10.9738, -0.768946, 1.03198, -0.001838
1.41018, 0.160613, -10.9319, -0.801133, 1.14316, -0.097352
1.40168, 0.125366, -10.7866, -0.824335, 1.1987, -0.081857
1.35907, 0.073315, -10.5991, -0.80851, 1.25505, -0.086417
1.33606, 0.01427, -10.5637, -0.746694, 1.34273, -0.137747
1.30237, -0.051595, -10.677, -0.617035, 1.44339, -0.192331
1.26291, -0.115905, -10.8639, -0.470543, 1.49335, -0.21465
1.17148, -0.17158, -10.8826, -0.308505, 1.48518, -0.202601
1.05976, -0.245574, -10.8366, -0.097282, 1.37758, -0.198429
0.922951, -0.279803, -10.9859, -0.010771, 1.16512, -0.179132
0.765255, -0.292513, -11.2081, 0.029451, 0.942837, -0.169739
0.572057, -0.300699, -11.4004, 0.024967, 0.61484, -0.176246
0.361361, -0.313925, -11.5362, 0.041662, 0.242326, -0.184752
0.143886, -0.31099, -11.5113, 0.020906, -0.115448, -0.204621
-0.064379, -0.294028, -11.6013, -0.05767, -0.3824, -0.207311
-0.232267, -0.314665, -11.2585, -0.060959, -0.527304, -0.21842
-0.407188, -0.337852, -11.6759, -0.007119, -0.671063, -0.204295
-0.547953, -0.314832, -11.889, -0.055495, -0.755192, -0.202949
-0.649806, -0.287798, -11.4458, -0.092814, -0.762949, -0.195231
-0.780847, -0.278699, -11.8598, -0.068531, -0.895966, -0.192502
-0.879016, -0.262721, -12.0951, -0.10818, -0.989674, -0.189367
-0.90467, -0.248025, -11.8837, -0.209719, -1.01877, -0.177737
-0.947413, -0.251068, -11.9796, -0.319921, -1.25263, -0.067202
-0.958848, -0.238191, -12.0289, -0.373154, -1.54458, 0.05272
-0.899866, -0.262645, -11.7047, -0.347732, -1.69967, 0.043004
-0.82708, -0.298119, -11.64, -0.271317, -1.81573, 0.039184
-0.728681, -0.324766, -11.5231, -0.184533, -1.86447, 0.03345
-0.609826, -0.35891, -11.4127, -0.063139, -1.85566, 0.009156
-0.478271, -0.377272, -11.5759, 0.04439, -1.74741, 0.009127
-0.344301, -0.395062, -11.6429, 0.127165, -1.56598, -0.002991
-0.220169, -0.39474, -11.6052, 0.168884, -1.36271, -0.004263
-0.114873, -0.399545, -11.7954, 0.201441, -1.18936, -0.026585
-0.059798, -0.393847, -11.9486, 0.213495, -1.0477, -0.016649
-0.042578, -0.393781, -11.9531, 0.258876, -0.887478, -0.031026
-0.041037, -0.382893, -11.8577, 0.27377, -0.565418, -0.059382
-0.099596, -0.364776, -11.8993, 0.206562, -0.621783, -0.112943
-0.16642, -0.345293, -11.9251, 0.197677, -0.691438, -0.108735
-0.246523, -0.306598, -11.9213, 0.143571, -0.795022, -0.11692
-0.331707, -0.266453, -11.966, 0.055903, -0.883976, -0.129571
-0.419562, -0.226771, -11.9699, -0.001985, -0.954819, -0.123841
-0.51431, -0.19334, -12.2695, -0.049507, -1.05947, -0.114804
-0.617798, -0.158969, -12.652, -0.149086, -1.13691, -0.110841
-0.654082, -0.117957, -12.2551, -0.271396, -1.07485, -0.07092
-0.710341, -0.092877, -11.9723, -0.364335, -1.03878, -0.099429
-0.761602, -0.064812, -11.9804, -0.424521, -1.03729, -0.096607
-0.792718, -0.059586, -11.7025, -0.450052, -1.01266, -0.088061
-0.842362, -0.064074, -11.7787, -0.372739, -1.0803, -0.101358
-0.905341, -0.062817, -12.1219, -0.228762, -1.34783, -0.1055
-0.925075, -0.059641, -12.1969, -0.144422, -1.59598, -0.071006
-0.927715, -0.043283, -12.4299, -0.221928, -1.84756, -0.050223
-0.913237, 0.008318, -12.6396, -0.441002, -2.01772, -0.03245
-0.865272, 0.041711, -12.5659, -0.609848, -2.07125, -0.0278
-0.771892, 0.023642, -12.3718, -0.635397, -2.05912, -0.064943
-0.670927, -0.024011, -12.2464, -0.595319, -1.99517, -0.040153
-0.511192, -0.095533, -11.896, -0.529437, -1.83535, -0.030474
-0.337165, -0.167097, -11.5817, -0.356407, -1.59928, -0.023352
-0.148931, -0.249191, -11.4957, -0.203124, -1.29429, -0.040369
0.048729, -0.322182, -11.3954, -0.086941, -0.952058, -0.039436
0.24291, -0.385344, -11.0536, 0.04826, -0.665574, -0.046339
0.440577, -0.429783, -11.0258, 0.152877, -0.327675, -0.040782
0.620044, -0.466632, -11.1493, 0.222483, -0.063081, -0.045859
0.783782, -0.467766, -11.0014, 0.195806, 0.134902, -0.053152
0.914964, -0.485396, -10.79, 0.201373, 0.252501, -0.035293
1.0329, -0.471393, -10.6982, 0.149027, 0.292088, -0.039923
1.11742, -0.462624, -10.7559, 0.099663, 0.351628, -0.073524
1.19982, -0.44552, -10.8759, -0.019007, 0.417722, -0.087602
1.24332, -0.449387, -10.8545, -0.120863, 0.49295, -0.091131
1.24571, -0.458256, -10.6238, -0.1749, 0.745849, -0.103721
1.22152, -0.477155, -10.3778, -0.058523, 1.07748, -0.086534
1.15651, -0.476223, -10.1041, 0.027425, 1.17246, -0.106354
1.08739, -0.485044, -10.0414, 0.096917, 1.22787, -0.111149
0.98738, -0.519378, -10.0601, 0.274106, 1.18363, -0.102165
0.912467, -0.543892, -10.3592, 0.397221, 1.09881, -0.106153
0.816689, -0.558492, -10.4991, 0.484907, 0.954106, -0.098355
0.74108, -0.54447, -10.5783, 0.574326, 0.794387, -0.076318
0.716826, -0.525119, -10.9664, 0.588252, 0.679255, -0.067062
0.683354, -0.484655, -11.0488, 0.560536, 0.503767, -0.06341
0.703562, -0.436716, -11.2644, 0.470082, 0.358542, -0.054821
0.782674, -0.394341, -11.5431, 0.31982, 0.348927, -0.049752
0.88683, -0.348184, -11.5764, 0.173339, 0.429342, -0.04606
1.01522, -0.306935, -11.5595, 0.0191, 0.500521, -0.045786
1.15972, -0.248833, -11.6758, -0.12104, 0.536708, -0.055523
1.27644, -0.261104, -11.3801, -0.167416, 0.463001, -0.054518
1.38732, -0.295872, -11.2512, -0.128543, 0.388719, -0.056144
1.49749, -0.270464, -11.2961, -0.202906, 0.380041, -0.051989
1.54041, -0.264376, -10.9598, -0.205563, 0.290887, -0.044384
1.58604, -0.273282, -10.881, -0.147287, 0.244895, -0.043725
1.66763, -0.262756, -10.9902, -0.143126, 0.257433, -0.049665
1.71438, -0.235672, -11.0085, -0.147741, 0.340852, -0.04082
1.69744, -0.234246, -10.762, -0.024413, 0.411577, -0.02104
1.75119, -0.227257, -10.9588, 0.082307, 0.658109, 0.009733
1.77393, -0.198724, -10.9628, 0.111611, 0.92935, 0.031738
1.76077, -0.156958, -10.8975, 0.038742, 1.19064, 0.022959
1.76882, -0.148026, -11.1119, -0.062786, 1.4304, 0.013681
1.72268, -0.123974, -11.0289, -0.170803, 1.50516, -0.114886
1.70724, -0.100346, -11.0966, -0.323854, 1.58352, -0.135916
1.65019, -0.081765, -10.9338, -0.4316, 1.58556, -0.136382
1.61078, -0.120824, -10.8201, -0.33191, 1.59041, -0.122221
1.60784, -0.123538, -10.8924, -0.310226, 1.60568, -0.034234
1.56818, -0.114184, -10.6905, -0.274052, 1.60584, -0.018341
1.55608, -0.142038, -10.8046, -0.101671, 1.63301, -0.022349
1.55079, -0.157352, -10.955, -0.054145, 1.64504, -0.005984
1.55019, -0.134322, -11.0783, -0.091315, 1.69423, -0.013904
1.54912, -0.124434, -11.288, -0.176292, 1.75258, -0.094653
1.51571, -0.102949, -11.2706, -0.27921, 1.7679, -0.107311
1.51248, -0.094783, -11.5046, -0.351203, 1.78545, -0.113899
1.4976, -0.083581, -11.5914, -0.441642, 1.78243, -0.108039
1.44688, -0.091802, -11.3616, -0.450232, 1.72247, -0.107218
1.43328, -0.108714, -11.45, -0.41458, 1.68937, -0.110845
1.41792, -0.098593, -11.4869, -0.505451, 1.6073, -0.046674
1.39665, -0.09103, -11.2737, -0.546578, 1.48408, -0.060016
1.39625, -0.107873, -11.3029, -0.548035, 1.39677, -0.109398
1.41464, -0.118687, -11.5404, -0.545214, 1.41109, -0.106829
1.42576, -0.116363, -11.651, -0.498809, 1.48281, -0.102074
1.44855, -0.122331, -11.7729, -0.440636, 1.67174, -0.056216
1.44286, -0.134472, -11.7783, -0.331638, 1.75384, -0.047612
1.44137, -0.137173, -11.911, -0.248367, 1.7674, -0.051004
1.45653, -0.127803, -12.1034, -0.329558, 1.79153, -0.081775
1.43784, -0.126123, -11.9876, -0.467717, 1.70359, -0.10649
1.42467, -0.13612, -12.024, -0.518045, 1.63156, -0.115811
1.41111, -0.152518, -12.0318, -0.537047, 1.52941, -0.113379
1.40862, -0.152047, -11.9953, -0.557403, 1.41579, -0.109037
1.41228, -0.1627, -12.089, -0.512451, 1.39399, -0.078668
1.41144, -0.169765, -12.0063, -0.490451, 1.40322, -0.075239
1.41279, -0.194284, -12.1065, -0.3743, 1.35133, -0.082205
1.42636, -0.211001, -12.3451, -0.29408, 1.25095, -0.063121
1.44501, -0.18601, -12.481, -0.431957, 1.21197, -0.080167
1.46481, -0.196698, -12.5901, -0.449492, 1.23915, -0.089249
1.49609, -0.223299, -12.6811, -0.502577, 1.27701, -0.099888
1.50743, -0.249273, -12.6454, -0.533774, 1.30374, -0.115769
1.4998, -0.272577, -12.4764, -0.558128, 1.33064, -0.120366
1.49511, -0.325425, -12.3893, -0.500721, 1.39977, -0.112822
1.50097, -0.37098, -12.4515, -0.424485, 1.44753, -0.123326
1.47503, -0.402686, -12.3097, -0.314773, 1.48625, -0.108067
1.48199, -0.463393, -12.4014, -0.133607, 1.58547, -0.102254
1.50382, -0.472951, -12.6967, 0.043848, 1.71952, -0.092098
1.50401, -0.493751, -12.7757, 0.258171, 1.6942, -0.067516
1.50245, -0.509278, -12.936, 0.380903, 1.60042, -0.064721
1.52294, -0.499131, -13.2823, 0.292542, 1.44013, -0.058271
1.52833, -0.459733, -13.2693, 0.047638, 1.22173, -0.074439
1.51808, -0.461503, -13.1207, -0.003055, 1.14402, -0.087121
1.56401, -0.493998, -13.1669, 0.004656, 1.12199, -0.08878
1.57573, -0.501079, -13.0269, 0.083505, 1.04441, -0.058744
1.60504, -0.490781, -12.8975, 0.225156, 1.07105, -0.049928
1.65664, -0.475071, -13.0238, 0.336094, 1.14927, -0.02963
1.74137, -0.452903, -13.4569, 0.352158, 1.28739, -0.019909
1.77157, -0.406172, -13.4778, 0.304858, 1.32419, -0.029669
1.78565, -0.398632, -13.5435, 0.243698, 1.3598, -0.067891
1.82413, -0.380916, -13.7867, 0.039739, 1.51645, -0.084169
1.80665, -0.344559, -13.6442, -0.294454, 1.68877, -0.119203
1.74683, -0.351828, -13.2355, -0.345381, 1.67269, -0.121907
1.73502, -0.400803, -13.1303, -0.249202, 1.70544, -0.121982
1.74391, -0.418901, -13.3754, -0.157687, 1.90362, -0.103802
1.69379, -0.425169, -13.1515, -0.071271, 1.98153, -0.099696
1.63111, -0.467208, -12.9007, 0.115151, 1.98604, -0.099358
1.62319, -0.495318, -13.2748, 0.185961, 2.02902, -0.097994
1.59477, -0.455143, -13.4166, 0.029697, 2.02807, -0.103703
1.53065, -0.437319, -13.1752, -0.032278, 1.95391, -0.113405
1.48119, -0.496375, -13.1901, 0.110529, 1.92697, -0.104486
1.46933, -0.500944, -13.4017, 0.115197, 1.92252, -0.117369
1.41414, -0.501105, -13.2036, 0.149539, 1.84227, -0.10193
1.41577, -0.534131, -13.3033, 0.270811, 1.83004, -0.086603
1.40121, -0.556059, -13.3066, 0.375295, 1.80875, -0.078459
1.39844, -0.555423, -13.336, 0.506138, 1.71932, -0.073541
1.39651, -0.561939, -13.4, 0.562363, 1.59712, -0.073409
1.38382, -0.553168, -13.3836, 0.523362, 1.41458, -0.064801
1.39402, -0.539678, -13.4361, 0.462894, 1.36096, -0.061931
1.38135, -0.527403, -13.2127, 0.405576, 1.35716, -0.057089
1.38372, -0.523418, -13.0825, 0.323002, 1.45111, -0.063178
1.39542, -0.490216, -13.1808, 0.070427, 1.53617, -0.080006
1.37903, -0.477474, -13.1376, -0.064788, 1.55394, -0.104004
1.37863, -0.508929, -13.1431, 0.027684, 1.52747, -0.103753
1.38217, -0.543685, -13.1981, 0.317744, 1.57974, -0.096139
1.39995, -0.557075, -13.353, 0.615082, 1.57651, -0.050875
1.40276, -0.529422, -13.4455, 0.625783, 1.51305, -0.045705
1.42332, -0.495986, -13.5647, 0.514786, 1.39903, -0.046535
1.43861, -0.476869, -13.6134, 0.431627, 1.32827, -0.04785
1.46741, -0.459725, -13.7205, 0.349215, 1.2739, -0.048623
1.50025, -0.438909, -13.8183, 0.202009, 1.24244, -0.067649
1.50562, -0.391349, -13.6155, 0.030345, 1.16718, -0.059277
1.54373, -0.395516, -13.654, 0.042891, 1.17426, -0.068275
1.55971, -0.414187, -13.4661, 0.132188, 1.16969, -0.054517
1.59955, -0.434443, -13.5643, 0.221617, 1.21239, -0.047844
1.61404, -0.414272, -13.4498, 0.240277, 1.275, -0.051699
1.62869, -0.417852, -13.4351, 0.364182, 1.37716, -0.03883
1.65486, -0.399564, -13.5924, 0.38337, 1.52706, -0.035149
1.64716, -0.388286, -13.5106, 0.359616, 1.66542, -0.051232
1.66572, -0.368787, -13.7306, 0.326852, 1.82077, -0.051762
1.67133, -0.345637, -13.89, 0.259766, 1.95022, -0.044599
1.64416, -0.317097, -13.8087, 0.091497, 2.03825, -0.062907
1.59352, -0.317952, -13.5759, -0.012008, 2.03467, -0.081676
1.56838, -0.322872, -13.6184, -0.043375, 2.0038, -0.093872
1.55188, -0.31523, -13.6465, -0.101052, 1.94724, -0.086833
1.5259, -0.314329, -13.5902, -0.113328, 1.92244, -0.089093
1.51311, -0.314701, -13.4989, -0.021167, 1.95157, -0.076371
1.50815, -0.345356, -13.6731, 0.160921, 1.95609, -0.071682
1.50375, -0.332248, -13.7838, 0.148877, 1.96388, -0.066162
1.49445, -0.311463, -13.7521, 0.076808, 1.94643, -0.071566
1.49988, -0.324185, -13.974, 0.05859, 1.97615, -0.090614
1.48369, -0.316428, -13.9721, 0.028596, 1.99818, -0.086974
1.45813, -0.31528, -13.9618, 0.030098, 1.98404, -0.083817
1.46277, -0.310229, -14.2362, -0.041483, 1.99688, -0.091915
1.40298, -0.316239, -14.0973, -0.122135, 1.96565, -0.093218
1.33423, -0.344223, -13.7788, -0.068463, 1.8682, -0.106281
1.27208, -0.380066, -13.7116, 0.001335, 1.78418, -0.101456
1.19376, -0.402344, -13.6124, 0.050805, 1.67829, -0.109103
1.1384, -0.43836, -13.7322, 0.163433, 1.5963, -0.104705
1.10229, -0.45059, -13.9207, 0.22256, 1.51799, -0.093895
1.04556, -0.463247, -13.9195, 0.323827, 1.41133, -0.074696
1.01919, -0.504767, -14.1463, 0.432526, 1.34268, -0.080564
0.9994, -0.493306, -14.3179, 0.376529, 1.30704, -0.096247
0.968882, -0.472735, -14.26, 0.240987, 1.23911, -0.096155
0.957909, -0.461596, -14.5224, 0.108653, 1.14072, -0.112205
0.936506, -0.48148, -14.3874, 0.044975, 1.01116, -0.111039
0.918723, -0.505246, -14.1151, 0.066615, 0.876264, -0.109055
0.935925, -0.543519, -14.2067, 0.122891, 0.815896, -0.086711
0.953258, -0.565264, -14.1637, 0.203409, 0.736792, -0.07343
0.977725, -0.588618, -13.8993, 0.278763, 0.681641, -0.065678
1.0234, -0.602387, -13.8871, 0.336962, 0.727126, -0.060374
1.05676, -0.605436, -13.7904, 0.343638, 0.742054, -0.057742
1.09663, -0.60639, -13.9901, 0.375749, 0.807287, -0.066553
1.14357, -0.6208, -14.3809, 0.345756, 0.873651, -0.066098
1.15577, -0.634845, -14.3714, 0.235507, 0.924871, -0.068857
1.18888, -0.658364, -14.4627, 0.170213, 1.06446, -0.080699
1.16823, -0.694578, -14.1034, 0.154253, 1.14926, -0.123858
1.15013, -0.737038, -13.938, 0.2241, 1.15675, -0.13548
1.11876, -0.79628, -13.8352, 0.297681, 1.18083, -0.152757
1.07509, -0.801243, -13.4984, 0.377756, 1.18498, -0.145967
1.02433, -0.842175, -13.2536, 0.603269, 1.23509, -0.140847
1.01208, -0.884962, -13.4017, 0.832595, 1.2394, -0.066116
0.96517, -0.880199, -13.4935, 0.985323, 1.20839, -0.064879
0.954711, -0.892162, -13.8236, 1.10751, 1.16346, -0.085635
0.950644, -0.893813, -14.2924, 1.12885, 1.15575, -0.077693
0.928396, -0.864411, -14.3024, 1.06134, 1.12878, -0.06294
0.905511, -0.859591, -14.2246, 0.993586, 1.10354, -0.086592
0.889006, -0.842903, -14.0845, 0.917703, 1.08493, -0.111694
0.867517, -0.829022, -13.8011, 0.879846, 1.02955, -0.128163
0.865102, -0.826029, -13.7077, 0.982325, 0.97719, -0.11392
0.856572, -0.818929, -13.7142, 1.08688, 0.946839, -0.068043
0.845066, -0.785054, -13.6149, 1.11523, 0.862329, -0.044663
0.844823, -0.731701, -13.7861, 1.07184, 0.788287, -0.036252
0.867298, -0.652984, -13.815, 0.955394, 0.742313, -0.032375
0.912339, -0.569784, -14.1267, 0.787119, 0.796718, -0.053767
0.983255, -0.442429, -14.3753, 0.609628, 0.875012, -0.02468
1.07477, -0.336723, -15.0152, 0.378901, 0.965427, -0.025151
1.18177, -0.17994, -15.3134, 0.058334, 1.01796, -0.023188
1.26234, -0.114082, -14.8454, -0.106656, 1.02246, -0.019474
1.39985, -0.102933, -15.0691, -0.186978, 1.06686, -0.077883
1.50942, -0.051281, -14.6998, -0.36242, 1.03622, -0.07639
1.57498, -0.037912, -13.9574, -0.409766, 0.915843, -0.087164
1.69443, -0.062658, -13.8281, -0.40064, 0.89641, -0.060744
1.75023, -0.061492, -13.2862, -0.350794, 0.775963, -0.055311
1.78385, -0.070449, -12.7356, -0.243127, 0.6572, -0.038135
1.85071, -0.046342, -12.6192, -0.231479, 0.622052, -0.043487
1.87237, 0.001722, -12.3753, -0.25678, 0.543798, -0.023008
1.94264, 0.02899, -12.4456, -0.211887, 0.60308, -0.003771
2.01351, 0.079135, -12.6961, -0.252443, 0.775945, -0.002029
2.01653, 0.121105, -12.5252, -0.311888, 1.05757, -0.060279
2.02785, 0.115177, -12.5049, -0.422327, 1.49595, -0.089185
2.00817, 0.140081, -12.6053, -0.668315, 1.81495, -0.102325
1.87901, 0.10666, -12.1911, -0.763465, 1.98711, -0.120808
1.72872, 0.056051, -11.9146, -0.717565, 2.07217, -0.119543
1.56773, -0.009824, -11.7401, -0.612499, 2.06483, -0.111795
1.38135, -0.066075, -11.7442, -0.470241, 1.95483, -0.096048
1.16257, -0.133126, -11.6131, -0.32735, 1.6807, -0.083582
0.949489, -0.183834, -11.6233, -0.193214, 1.31876, -0.084099
0.769096, -0.2174, -11.8452, -0.118812, 1.00138, -0.082376
0.630361, -0.216823, -11.9388, -0.063512, 0.73961, -0.080008
0.525373, -0.19427, -12.0932, -0.051585, 0.544316, -0.077858
0.433979, -0.16086, -12.6081, -0.067716, 0.339539, -0.077111
0.36572, -0.107088, -13.2866, -0.11179, 0.187394, -0.076988
0.316523, -0.052095, -13.5062, -0.212292, 0.081955, -0.074391
0.312305, -0.031117, -13.6754, -0.287219, -0.014131, -0.067591
0.298864, 0.057917, -14.0755, -0.693752, -0.157366, -0.061198
0.312953, 0.033926, -13.7697, -0.796856, -0.136563, -0.053584
0.317817, -0.033529, -13.2521, -0.704856, -0.119556, -0.07366
0.335441, -0.106148, -13.2959, -0.598539, -0.072781, -0.075917
0.335609, -0.146544, -12.8443, -0.481919, -0.026252, -0.070733
0.323209, -0.206826, -12.6161, -0.276287, 0.095679, -0.080673
0.291244, -0.252657, -13.0073, -0.016141, 0.134977, -0.070928
0.221934, -0.243339, -13.0249, 0.020542, 0.037779, -0.071138
0.140705, -0.224518, -13.23, -0.006898, -0.099957, -0.069746
0.038624, -0.200467, -13.7009, -0.045354, -0.265366, -0.074587
-0.054227, -0.185729, -13.6885, -0.133485, -0.414725, -0.069562
-0.131608, -0.151051, -13.7289, -0.230998, -0.561253, -0.071085
-0.181813, -0.123505, -14.057, -0.342685, -0.715854, -0.064373
-0.189424, -0.104483, -13.9506, -0.511961, -0.929382, -0.059595
-0.167893, -0.129707, -13.5854, -0.412171, -1.12471, -0.057497
-0.100961, -0.177403, -13.6796, -0.2385, -1.10085, -0.068105
0.001527, -0.197055, -13.6517, -0.169083, -0.978628, -0.07119
0.137736, -0.180111, -13.9703, -0.184624, -0.77902, -0.057387
0.284156, -0.138848, -14.0336, -0.21573, -0.521152, -0.045729
0.426933, -0.175739, -13.8471, -0.162535, -0.270143, -0.057181
