Fx [N], Fy [N], Fz [N], Mx [Nm], My [Nm], Mz [Nm]
0.520896, -0.113005, -1.0645, -0.274951, 0.194199, -0.047856
0.522498, -0.125736, -1.14459, -0.26758, 0.168104, -0.03463
0.518009, -0.134016, -1.22539, -0.271624, 0.136884, -0.049371
0.51588, -0.136862, -1.29581, -0.275366, 0.121407, -0.049013
0.506233, -0.145435, -1.38436, -0.263294, 0.11775, -0.05252
0.51602, -0.150212, -1.56121, -0.243382, 0.119758, -0.042046
0.518899, -0.161501, -1.68542, -0.235386, 0.138105, -0.017847
0.526539, -0.165087, -1.83979, -0.217048, 0.142275, 0.007263
0.541314, -0.16603, -2.02491, -0.225236, 0.174758, 0.016704
0.547604, -0.167497, -2.17165, -0.208113, 0.186021, 0.024913
0.552653, -0.17443, -2.41328, -0.200636, 0.213238, 0.023066
0.557717, -0.197906, -2.73907, -0.148639, 0.213923, 0.026228
0.578731, -0.208416, -2.94241, -0.1182, 0.239856, 0.023871
0.587383, -0.230184, -3.05132, -0.074238, 0.268749, 0.007624
0.587403, -0.261412, -3.31777, -0.018864, 0.267677, -0.036739
0.600175, -0.278958, -3.62703, 0.008206, 0.288, -0.093539
0.621023, -0.278317, -3.89945, 0.037037, 0.347056, -0.11768
0.63561, -0.320119, -4.35689, 0.068091, 0.351293, -0.146954
0.637865, -0.343198, -5.18206, 0.091857, 0.31225, -0.146253
0.641968, -0.330942, -5.67594, 0.037142, 0.297828, -0.077819
0.674269, -0.339449, -6.00797, -0.007707, 0.32061, -0.059951
0.702807, -0.361998, -6.79476, -0.007367, 0.366089, -0.041355
0.734344, -0.346067, -7.36522, -0.09345, 0.420579, 0.038237
0.747841, -0.344296, -7.54744, -0.14385, 0.45488, 0.007218
0.773217, -0.356093, -8.03103, -0.151522, 0.472855, -0.091977
0.808581, -0.427947, -8.71758, 0.010445, 0.485444, -0.126976
0.818381, -0.462161, -9.35821, 0.063324, 0.506235, -0.157123
0.844764, -0.478814, -10.1118, 0.105561, 0.487795, -0.107535
0.873512, -0.495004, -10.8643, 0.12743, 0.511713, -0.003699
0.910158, -0.497569, -11.4919, 0.155751, 0.546186, 0.020719
0.968845, -0.540061, -12.3854, 0.209285, 0.589072, 0.031921
1.01398, -0.501611, -12.972, 0.071757, 0.698344, 0.124812
1.03736, -0.4778, -12.8973, -0.004548, 0.73055, 0.072047
1.09708, -0.538518, -13.3036, 0.160147, 0.793445, -0.023667
1.16535, -0.57768, -13.8524, 0.293751, 0.944971, 0.087465
1.17645, -0.560417, -14.0042, 0.306175, 1.0719, 0.148881
1.19574, -0.562608, -14.2339, 0.368248, 1.19863, 0.144568
1.22805, -0.594793, -14.6427, 0.45624, 1.32398, 0.130066
1.23844, -0.614064, -15.0718, 0.503104, 1.43726, 0.115383
1.24215, -0.605075, -15.2076, 0.532293, 1.51645, 0.080276
1.22453, -0.650518, -15.2721, 0.602467, 1.57148, -0.02669
1.21371, -0.677417, -15.3478, 0.646951, 1.57934, -0.087449
1.18968, -0.701614, -15.4681, 0.651944, 1.55703, -0.076672
1.1703, -0.710455, -15.5579, 0.661943, 1.51992, -0.054077
1.15165, -0.73781, -16.031, 0.625529, 1.47536, -0.057671
1.13442, -0.724516, -15.8491, 0.522848, 1.41345, -0.097877
1.11068, -0.74119, -15.5959, 0.486242, 1.31691, -0.12755
1.12821, -0.761321, -15.8215, 0.507452, 1.27653, -0.139254
1.10076, -0.770564, -15.7944, 0.520109, 1.18328, -0.02971
1.09338, -0.763686, -16.1275, 0.532096, 1.05216, 0.00636
1.0989, -0.753835, -16.3827, 0.545268, 1.00104, 0.022824
1.10155, -0.755739, -16.543, 0.592066, 0.991771, 0.047967
1.10417, -0.752607, -16.7214, 0.572591, 1.02206, 0.087429
1.11716, -0.737148, -16.9727, 0.510447, 1.07518, 0.12071
1.10465, -0.709035, -16.9075, 0.400809, 1.12191, 0.00602
1.10883, -0.711986, -17.2504, 0.416839, 1.19087, -0.104282
1.1061, -0.712903, -17.4682, 0.503276, 1.33593, -0.123359
1.07056, -0.687446, -17.4758, 0.569695, 1.36678, -0.026799
1.04735, -0.710155, -17.5702, 0.69456, 1.37005, -0.044246
1.0027, -0.714165, -17.8365, 0.739492, 1.34615, -0.083
0.942239, -0.674663, -18.1334, 0.643202, 1.24585, -0.112032
0.876597, -0.653269, -18.1739, 0.651154, 1.16115, -0.13658
0.814092, -0.668262, -18.3266, 0.684747, 1.06773, -0.144179
0.741152, -0.640332, -18.7131, 0.677163, 0.928415, -0.068347
0.668638, -0.59337, -18.6896, 0.633703, 0.785268, -0.015748
0.587001, -0.574223, -18.8336, 0.63635, 0.635415, 0.006298
0.544634, -0.553728, -19.1292, 0.585231, 0.511222, 0.020857
0.492226, -0.487905, -19.1715, 0.4423, 0.380704, 0.039478
0.458526, -0.443142, -19.0973, 0.314022, 0.326566, 0.044631
0.420941, -0.450338, -19.016, 0.302731, 0.296757, -0.09753
0.389936, -0.424235, -19.3071, 0.240034, 0.127327, -0.149533
0.34677, -0.413789, -19.2459, 0.235122, -0.069916, -0.129035
0.32874, -0.418705, -19.4708, 0.31308, -0.218719, -0.044604
0.356781, -0.411463, -19.5882, 0.269558, -0.228847, 0.024458
0.367637, -0.360779, -19.635, 0.128586, -0.224713, 0.034087
0.427603, -0.322718, -19.5231, 0.016724, -0.179171, 0.035528
0.472417, -0.287547, -19.2698, -0.070552, -0.110259, -0.036528
0.55545, -0.28123, -19.1308, -0.102292, 0.001259, -0.090473
0.635062, -0.261482, -19.0945, -0.077139, 0.112138, -0.070915
0.714306, -0.264628, -19.0901, -0.005651, 0.270303, 0.037136
0.788958, -0.253771, -19.0083, 0.031665, 0.453346, 0.109676
0.864901, -0.21633, -19.4789, -0.033879, 0.644316, 0.172858
0.919433, -0.165029, -19.7096, -0.103119, 0.752447, 0.154039
0.95269, -0.180502, -19.7359, -0.061555, 0.760714, 0.061281
1.00107, -0.170175, -19.8432, -0.109049, 0.782598, -0.033232
1.03989, -0.129297, -19.7311, -0.28523, 0.80274, -0.020023
1.08549, -0.086166, -19.7664, -0.392001, 0.870672, 0.058507
1.09784, -0.116838, -19.3184, -0.365163, 0.896586, 0.009784
1.1308, -0.133944, -19.2042, -0.298775, 0.947504, -0.019856
1.16675, -0.121752, -19.2283, -0.213794, 1.09722, 0.072424
1.16832, -0.160622, -18.7759, -0.103135, 1.37077, 0.043214
1.18589, -0.202841, -18.8973, 0.020046, 1.50269, 4e-05
1.17622, -0.196969, -19.1368, 0.009025, 1.50367, 0.005982
1.12828, -0.183975, -19.2418, -0.056493, 1.485, -0.003889
1.10676, -0.167893, -19.5141, -0.158489, 1.45741, -0.011503
1.05801, -0.18352, -19.3565, -0.145766, 1.38797, -0.087911
1.0288, -0.199244, -19.5025, -0.148129, 1.31666, -0.140605
0.982189, -0.192103, -19.2908, -0.24575, 1.21495, -0.125505
0.938871, -0.204606, -19.1514, -0.169813, 1.14426, -0.127568
0.927288, -0.236181, -19.0481, -0.067592, 1.13026, -0.126267
0.886949, -0.268581, -18.6485, 0.145854, 1.0542, -0.051457
0.865496, -0.274738, -18.8335, 0.234908, 0.947582, 0.019412
0.813838, -0.265433, -19.0497, 0.21559, 0.835541, 0.062277
0.791407, -0.177903, -19.955, 0.071313, 0.79109, 0.119607
0.749396, -0.130695, -20.2448, -0.01721, 0.752753, 0.142411
0.725394, -0.118663, -20.5899, -0.068529, 0.738817, 0.110325
0.717137, -0.120133, -20.7279, -0.213603, 0.792585, 0.003801
0.644417, -0.125631, -20.0869, -0.444037, 0.634823, -0.116925
0.589249, -0.151306, -19.8858, -0.509247, 0.434288, -0.139377
0.528372, -0.232389, -19.1588, -0.336471, 0.351304, -0.273757
0.50815, -0.361629, -18.5767, -0.076342, 0.292203, -0.333558
0.465785, -0.444877, -18.4425, 0.043374, 0.262871, -0.317227
0.450306, -0.491677, -17.6677, 0.110092, 0.337229, -0.262581
0.450877, -0.615979, -17.862, 0.512729, 0.413316, -0.13447
0.410182, -0.612994, -18.1957, 0.622678, 0.323334, -0.053281
0.352925, -0.570272, -18.7162, 0.630482, 0.169024, -0.026313
0.303106, -0.560439, -19.3203, 0.580831, 0.126066, -0.030202
0.269719, -0.538648, -18.8582, 0.403225, 0.134121, -0.128184
0.247496, -0.529086, -19.1323, 0.252224, 0.04132, -0.122042
0.213181, -0.51937, -19.3391, 0.147489, -0.162133, -0.184768
0.196962, -0.517965, -18.8806, 0.124347, -0.314363, -0.132125
0.221878, -0.510608, -18.9934, 0.138214, -0.392843, -0.052173
0.216366, -0.465172, -19.3513, 0.077159, -0.431076, -0.015405
0.242338, -0.438767, -19.1201, 0.064204, -0.423744, -0.019323
0.266285, -0.486686, -18.6807, 0.130392, -0.369928, -0.093781
0.279047, -0.526643, -19.0997, 0.185438, -0.330937, -0.117077
0.283481, -0.476109, -19.3709, 0.007691, -0.245602, -0.050324
0.291928, -0.471752, -18.8977, 0.040446, -0.049224, -0.034291
0.302866, -0.548948, -19.1112, 0.27748, 0.15212, -0.077742
0.283684, -0.551607, -19.0376, 0.309208, 0.18461, -0.035652
0.249616, -0.541645, -18.9769, 0.335991, 0.164666, -0.031249
0.204787, -0.585399, -19.2755, 0.437242, 0.119934, -0.091316
0.135368, -0.635273, -19.384, 0.596353, 0.025241, -0.129231
0.100306, -0.65657, -19.3253, 0.633218, -0.039297, -0.135946
0.033583, -0.65339, -19.6876, 0.609009, -0.109858, -0.057695
-0.002376, -0.648733, -19.3655, 0.505519, -0.135798, -0.045067
-0.033575, -0.65264, -18.7955, 0.437121, -0.111702, -0.113643
-0.07582, -0.660737, -18.8804, 0.379502, -0.193152, -0.1295
-0.12257, -0.658666, -18.7549, 0.306649, -0.317795, -0.18995
-0.157242, -0.664645, -18.6831, 0.323313, -0.443701, -0.233246
-0.225641, -0.696182, -19.0649, 0.556971, -0.759964, -0.191998
-0.264105, -0.658587, -19.4766, 0.632802, -1.02532, -0.090981
-0.281904, -0.630202, -19.4752, 0.5921, -1.14399, -0.033424
-0.285088, -0.572875, -19.84, 0.428908, -1.24287, -0.018883
-0.254148, -0.527828, -19.7416, 0.296186, -1.27693, 0.001387
-0.244325, -0.514726, -19.9387, 0.182581, -1.25953, -0.054478
-0.211456, -0.497145, -20.1954, 0.019897, -1.18173, -0.059504
-0.167086, -0.459356, -19.697, -0.104423, -1.06831, -0.053206
-0.111308, -0.511634, -19.5226, -0.051056, -0.932868, -0.087806
-0.0944, -0.528979, -19.3888, -0.052841, -0.832182, -0.128164
-0.055021, -0.523195, -19.1595, -0.062408, -0.754249, -0.124586
-0.040453, -0.590824, -19.3258, 0.236443, -0.69087, -0.059531
0.000566, -0.638002, -19.3543, 0.558182, -0.610357, -0.034779
-0.004944, -0.640771, -19.2776, 0.63288, -0.543727, -0.036723
0.001728, -0.633567, -19.684, 0.635295, -0.5705, -0.023216
0.008724, -0.610634, -19.4648, 0.490619, -0.684067, -0.016611
0.014629, -0.610091, -19.2586, 0.367095, -0.867448, -0.055602
0.041663, -0.609746, -19.4221, 0.249092, -0.875217, -0.054929
0.075734, -0.559803, -19.1815, 0.141883, -0.819875, -0.060338
0.135117, -0.577981, -19.264, 0.211028, -0.753826, -0.059076
0.226401, -0.578153, -19.5489, 0.269048, -0.660034, -0.011338
0.323684, -0.533554, -19.5089, 0.227703, -0.513666, 0.014119
0.440674, -0.492968, -19.123, 0.218793, -0.309459, 0.024318
0.554522, -0.484123, -19.3109, 0.294457, -0.085319, 0.10094
0.634668, -0.463055, -19.4032, 0.267456, 0.146095, 0.15174
0.692438, -0.431524, -19.1782, 0.294954, 0.331524, 0.151977
0.731968, -0.465739, -19.2925, 0.423518, 0.514407, 0.077364
0.749199, -0.453942, -19.5089, 0.396275, 0.707459, 0.054547
0.725929, -0.435247, -19.2287, 0.294473, 0.780538, 0.006249
0.680198, -0.466218, -19.2499, 0.324642, 0.789141, -0.05138
0.635795, -0.48993, -19.4442, 0.220406, 0.737703, -0.095024
0.559996, -0.490312, -18.9793, 0.152751, 0.616762, -0.105386
0.499837, -0.520155, -18.7798, 0.117918, 0.51883, -0.115235
0.421646, -0.566167, -19.0906, 0.095393, 0.324519, -0.173551
0.353119, -0.571001, -18.9615, -0.000768, 0.085463, -0.261302
0.307364, -0.552411, -19.0291, -0.043107, -0.08874, -0.229217
0.288882, -0.552685, -19.4687, 0.089344, -0.284639, -0.128086
0.302297, -0.606347, -19.5215, 0.500536, -0.280007, -0.050666
0.344559, -0.618591, -19.826, 0.673654, -0.164817, -0.003602
0.390515, -0.566966, -19.8029, 0.603284, -0.071379, 0.158245
0.420422, -0.566712, -19.5, 0.593671, -0.085413, 0.113666
0.463996, -0.543445, -19.7482, 0.504127, -0.138239, 0.023895
0.493607, -0.489585, -19.7841, 0.318165, -0.127513, -0.002408
0.556771, -0.450696, -19.6441, 0.204354, -0.074528, -0.004378
0.613435, -0.431366, -19.6831, 0.078699, -0.025665, -0.001881
0.701203, -0.37675, -19.7045, -0.10662, 0.042553, -0.000433
0.800887, -0.29507, -19.2594, -0.310485, 0.111258, -0.010838
0.93009, -0.31067, -19.2061, -0.2813, 0.246643, -0.040262
1.06414, -0.304699, -19.3702, -0.31552, 0.370216, 0.033231
1.13327, -0.262504, -19.0058, -0.397583, 0.427882, 0.154836
1.24805, -0.263148, -18.9756, -0.33546, 0.550153, 0.1673
1.34279, -0.25396, -18.7969, -0.306575, 0.634586, 0.161326
1.43331, -0.209886, -18.7891, -0.357178, 0.758136, 0.187383
1.54741, -0.163109, -18.9678, -0.37555, 0.926931, 0.242693
1.59964, -0.142174, -18.833, -0.369203, 1.07262, 0.261708
1.68087, -0.129431, -18.7872, -0.358904, 1.22368, 0.260267
1.69886, -0.099409, -18.5862, -0.317028, 1.36526, 0.255792
1.76473, -0.08819, -18.6571, -0.366529, 1.64056, 0.275106
1.71243, -0.109328, -17.9512, -0.439667, 1.89686, 0.179115
1.70287, -0.136753, -17.7166, -0.484132, 2.03748, 0.063145
1.66213, -0.153671, -17.6101, -0.506747, 2.02913, -0.033897
1.57679, -0.191715, -17.3571, -0.484956, 1.95889, -0.088792
1.53662, -0.237963, -17.3106, -0.414143, 1.91347, -0.11191
1.44522, -0.275335, -17.0286, -0.313814, 1.85115, -0.141213
1.43967, -0.294522, -17.352, -0.179178, 1.8396, -0.136925
1.39158, -0.32119, -17.4117, -0.009341, 1.8179, -0.061482
1.37433, -0.355454, -17.6214, 0.14842, 1.74975, -0.031348
1.37778, -0.337668, -18.2854, 0.18533, 1.71684, -0.018138
1.36547, -0.300572, -18.4251, 0.113916, 1.61598, -0.040133
1.3485, -0.32505, -18.3834, 0.123276, 1.52584, -0.082086
1.35304, -0.303768, -18.5778, -0.123747, 1.41398, -0.094105
1.31911, -0.267738, -18.4669, -0.400467, 1.34038, -0.044313
1.30474, -0.24404, -18.4409, -0.512134, 1.35697, -0.03166
1.2903, -0.249916, -18.5151, -0.457157, 1.47654, -0.021545
1.28984, -0.297307, -18.602, -0.285356, 1.59068, -0.063303
1.28989, -0.337807, -18.7685, -0.183755, 1.6313, -0.06012
1.26516, -0.32648, -18.9313, -0.290042, 1.53749, -0.036046
1.23137, -0.328176, -18.8339, -0.392731, 1.40961, -0.087108
1.20597, -0.345341, -18.6349, -0.41132, 1.28266, -0.111269
1.1931, -0.363842, -18.8425, -0.461494, 1.23308, -0.123033
1.15116, -0.363135, -18.7342, -0.473195, 1.21293, -0.147925
1.11738, -0.413132, -18.531, -0.328398, 1.27787, -0.183009
1.11006, -0.480297, -18.7438, -0.140955, 1.34554, -0.195319
1.06391, -0.491112, -18.828, -0.105587, 1.35429, -0.111009
0.992023, -0.514377, -18.4432, 0.033118, 1.29713, -0.138212
0.955926, -0.598157, -18.8052, 0.284189, 1.27619, -0.183597
0.88634, -0.638766, -18.8186, 0.3701, 1.17803, -0.190768
0.826764, -0.661019, -18.7742, 0.418864, 1.06887, -0.125615
0.765839, -0.657256, -18.6985, 0.409161, 0.976341, -0.173918
0.732793, -0.715218, -18.803, 0.542306, 0.786714, -0.213853
0.710517, -0.703155, -19.1736, 0.43796, 0.470764, -0.141551
0.669761, -0.625489, -18.8906, 0.200095, 0.234562, -0.063296
0.708154, -0.6428, -18.9264, 0.213195, 0.240618, -0.045953
0.734803, -0.657391, -18.9831, 0.145485, 0.234006, -0.0466
0.753863, -0.626099, -18.9462, -0.002741, 0.230225, -0.07227
0.77102, -0.619066, -18.7864, 0.009445, 0.233669, -0.124547
0.821275, -0.669041, -19.0504, 0.186912, 0.314252, -0.163071
0.844349, -0.690019, -19.2493, 0.397979, 0.409214, -0.085928
0.861817, -0.710756, -19.3042, 0.660243, 0.703222, -0.048448
0.890201, -0.73387, -19.4953, 0.73734, 0.966852, -0.0366
0.870396, -0.768055, -19.473, 0.822534, 1.06942, -0.043005
0.852771, -0.77526, -19.7088, 0.816981, 1.10751, -0.053985
0.771039, -0.758704, -19.7062, 0.646866, 1.045, -0.098399
0.700421, -0.789646, -19.4608, 0.602781, 0.933358, -0.123667
0.621598, -0.829266, -19.269, 0.563773, 0.797313, -0.20753
0.537291, -0.872044, -19.2982, 0.616929, 0.648448, -0.288455
0.477461, -0.892002, -19.2705, 0.666811, 0.589469, -0.24503
0.429295, -0.924153, -18.9337, 0.820996, 0.538735, -0.177192
0.390141, -0.971443, -18.8771, 1.01731, 0.436127, -0.133761
0.335359, -0.95198, -19.0632, 1.07633, 0.301258, -0.106976
0.29217, -0.924793, -19.1106, 1.11597, 0.120048, -0.086351
0.277089, -0.901569, -19.06, 1.13683, -0.021304, -0.086896
0.247224, -0.867564, -19.3039, 0.988557, -0.308955, -0.093164
0.247862, -0.791942, -19.1523, 0.747928, -0.448268, -0.108812
0.276569, -0.766989, -18.8405, 0.647299, -0.432178, -0.096806
0.322554, -0.756465, -18.864, 0.57744, -0.38327, -0.046306
0.351243, -0.702958, -18.7617, 0.387149, -0.32828, -0.015049
0.393051, -0.671924, -18.5469, 0.330073, -0.254826, -0.015286
0.419542, -0.720697, -18.5675, 0.394857, -0.23301, -0.049958
0.444331, -0.709119, -18.8501, 0.330309, -0.169457, -0.058581
0.442458, -0.668555, -18.5519, 0.242883, -0.099631, -0.110905
0.471732, -0.691978, -18.8194, 0.356268, 0.135144, -0.1012
0.496821, -0.715851, -18.67, 0.472861, 0.491337, -0.077281
0.476485, -0.709658, -18.1382, 0.514354, 0.528578, -0.069365
0.458604, -0.684847, -17.6739, 0.397338, 0.560693, -0.077934
0.414739, -0.709596, -17.1546, 0.44751, 0.51551, -0.107951
0.396995, -0.801263, -17.2366, 0.618902, 0.437844, -0.221425
0.332611, -0.797756, -17.2586, 0.551575, 0.248961, -0.310574
0.277214, -0.765107, -17.5755, 0.493028, 0.101876, -0.259763
0.247209, -0.748084, -17.665, 0.651032, -0.040296, -0.16519
0.202924, -0.761529, -18.0228, 0.800981, -0.337243, -0.107321
0.219164, -0.730571, -18.5273, 0.745504, -0.458125, -0.066218
0.232744, -0.687732, -18.3842, 0.697214, -0.493376, -0.043315
0.267704, -0.681498, -19.2985, 0.614681, -0.482523, -0.033913
0.313379, -0.630655, -19.5247, 0.408064, -0.435832, -0.013105
0.35098, -0.618244, -19.0726, 0.278473, -0.358808, -0.01695
0.411588, -0.608424, -19.2528, 0.118062, -0.269655, -0.020376
0.437942, -0.579391, -18.4867, 0.018057, -0.257257, -0.035553
0.513143, -0.620236, -18.4727, 0.178907, -0.218645, -0.05986
0.561759, -0.632509, -18.6113, 0.31992, -0.149888, -0.061504
0.606797, -0.593803, -18.4088, 0.456636, -0.06114, -0.012405
0.688621, -0.576187, -18.9947, 0.603336, 0.203315, -0.005359
0.725656, -0.527234, -19.1224, 0.579944, 0.400957, 0.158996
0.755738, -0.499569, -19.3023, 0.514086, 0.531791, 0.154883
0.775216, -0.464457, -19.2139, 0.484771, 0.686484, 0.087997
0.762716, -0.466782, -19.2514, 0.374119, 0.845562, -0.026615
0.743301, -0.457009, -19.1447, 0.159724, 0.814426, -0.077546
0.680646, -0.474623, -18.797, 0.018873, 0.693896, -0.101246
0.656604, -0.487772, -19.0384, 0.003612, 0.639135, -0.184647
0.593899, -0.519552, -18.6689, 0.000335, 0.5754, -0.241965
0.569376, -0.549383, -18.4779, 0.035245, 0.532722, -0.27124
0.54009, -0.587911, -18.3991, 0.152999, 0.503919, -0.292024
0.525974, -0.615225, -18.3992, 0.376315, 0.465371, -0.253236
0.495837, -0.657035, -18.739, 0.720848, 0.345316, -0.137915
0.473613, -0.635862, -18.96, 0.816141, 0.202902, -0.060631
0.480233, -0.609166, -19.6724, 0.838839, 0.192245, -0.044677
0.493742, -0.572673, -19.8273, 0.76645, 0.213519, 0.066609
0.487723, -0.545788, -19.9146, 0.683214, 0.197807, 0.051878
0.492196, -0.506023, -19.8399, 0.606053, 0.159587, -0.005705
0.48568, -0.483553, -19.8492, 0.451943, 0.009419, -0.043613
0.486728, -0.438815, -19.9893, 0.20051, -0.050552, -0.045981
0.477215, -0.434156, -19.8247, 0.075138, -0.044604, -0.047935
0.484872, -0.389794, -20.242, -0.035062, 0.020592, -0.041118
0.486931, -0.401652, -19.991, -0.054002, 0.134, -0.059953
0.50576, -0.448068, -19.8761, 0.019431, 0.204532, -0.064949
0.513276, -0.45521, -19.9087, 0.01341, 0.265896, -0.077694
0.491543, -0.438138, -19.7176, 0.07564, 0.378349, -0.08721
0.502051, -0.475201, -19.9062, 0.322848, 0.467837, -0.099544
0.482903, -0.484189, -20.2229, 0.488114, 0.426902, -0.072205
0.454837, -0.475773, -20.537, 0.437543, 0.371393, -0.069153
0.427348, -0.435885, -20.515, 0.336422, 0.360876, -0.058192
0.422445, -0.450947, -20.5437, 0.322321, 0.315205, -0.084056
0.405261, -0.442773, -20.6189, 0.175361, 0.179034, -0.101063
0.384124, -0.401155, -20.7571, -0.065425, 0.033682, -0.123662
0.380319, -0.378312, -20.6863, -0.161857, -0.043325, -0.09393
0.391102, -0.417121, -20.5025, -0.047841, -0.125074, -0.099723
0.394743, -0.418927, -20.7546, 0.081136, -0.255329, -0.06388
0.397319, -0.385162, -20.8461, 0.179663, -0.267567, -0.02659
0.427059, -0.396647, -21.059, 0.374373, -0.140527, -0.022507
0.454244, -0.383844, -21.2103, 0.455082, 0.056367, -0.028517
0.461265, -0.355865, -21.5268, 0.449561, 0.217682, -0.029595
0.453758, -0.31369, -21.4947, 0.344399, 0.321185, -0.001504
0.429729, -0.313941, -21.3621, 0.274431, 0.351583, -0.005694
0.404702, -0.342042, -21.274, 0.213867, 0.381038, -0.022618
0.364585, -0.389203, -20.5826, 0.147999, 0.330945, -0.079401
0.314393, -0.402824, -20.4942, -0.028582, 0.158852, -0.07807
0.231023, -0.393404, -20.039, -0.167018, -0.036383, -0.15668
0.189736, -0.430255, -20.023, -0.110223, -0.165697, -0.273654
0.167891, -0.45132, -20.125, -0.051184, -0.280194, -0.270293
0.134058, -0.448791, -20.0874, 0.024566, -0.480155, -0.157106
0.152118, -0.44496, -20.5231, 0.208098, -0.641181, -0.061863
0.180732, -0.431344, -20.6913, 0.325611, -0.618669, -0.030084
0.242882, -0.400445, -21.1745, 0.312184, -0.547243, -0.014287
0.306537, -0.329368, -21.9125, 0.184721, -0.452189, -0.011427
0.389129, -0.2542, -21.6681, 0.051319, -0.344649, -0.011369
0.485777, -0.254671, -21.5384, 0.015883, -0.181424, -0.031268
0.61543, -0.247018, -22.0865, -0.082289, -0.023993, -0.009074
0.701438, -0.156215, -21.5141, -0.296974, 0.077739, 0.000463
0.818258, -0.118055, -21.0581, -0.364309, 0.188144, -0.001113
0.98051, -0.12259, -21.2299, -0.335958, 0.353717, -0.002867
1.11418, -0.024041, -21.3052, -0.536131, 0.473917, 0.03743
