Fx [N], Fy [N], Fz [N], Mx [Nm], My [Nm], Mz [Nm]
0.244029, 0.04277, -0.386799, -0.539463, -0.355243, -0.081588
0.245076, 0.035378, -0.376492, -0.547632, -0.3661, -0.072124
0.239374, 0.032127, -0.370518, -0.551266, -0.359345, -0.075214
0.247099, 0.03785, -0.344302, -0.555621, -0.372651, -0.071539
0.241459, 0.037251, -0.348367, -0.557993, -0.363303, -0.072972
0.238099, 0.039098, -0.332266, -0.556948, -0.3645, -0.073488
0.247287, 0.041948, -0.336247, -0.544459, -0.362409, -0.071715
0.247288, 0.035308, -0.348224, -0.547693, -0.370001, -0.068636
0.241605, 0.034675, -0.370498, -0.552414, -0.364449, -0.073772
0.238424, 0.033918, -0.370393, -0.545789, -0.366847, -0.07108
0.232861, 0.030603, -0.400705, -0.544961, -0.367796, -0.077393
0.233026, 0.021499, -0.408475, -0.542489, -0.366198, -0.067449
0.23446, 0.019681, -0.438782, -0.52516, -0.366628, -0.074929
0.244716, 0.013107, -0.47321, -0.510444, -0.352685, -0.084809
0.244526, 0.001725, -0.509537, -0.520568, -0.336152, -0.08802
0.258199, -0.015816, -0.559894, -0.506712, -0.32074, -0.091823
0.271008, -0.033848, -0.634305, -0.48393, -0.296823, -0.092221
0.277706, -0.045094, -0.735019, -0.49208, -0.284451, -0.093563
0.260313, -0.044763, -1.04326, -0.496458, -0.265926, -0.102683
0.213655, -0.028617, -1.4879, -0.547377, -0.26963, -0.085576
0.09365, -0.049415, -2.09721, -0.542737, -0.273861, -0.075881
-0.011875, -0.090843, -2.92373, -0.503128, -0.227515, -0.061372
-0.066666, -0.114674, -3.90771, -0.502869, -0.054856, -0.039822
-0.137544, -0.155949, -4.95606, -0.471606, 0.133135, -0.025309
-0.253294, -0.076554, -6.07714, -0.536343, 0.339442, 0.011858
-0.301023, 0.124577, -7.50044, -0.771969, 0.720838, 0.110143
-0.448652, 0.293848, -8.94055, -0.953084, 0.91839, 0.223928
-0.711806, 0.450837, -10.3465, -1.10402, 0.908287, 0.298567
-0.872457, 0.727933, -11.7036, -1.36564, 0.894715, 0.364869
-1.03224, 0.96972, -13.055, -1.55953, 0.925193, 0.399284
-1.37373, 1.1565, -14.1939, -1.68373, 0.77862, 0.42845
-1.65135, 1.26474, -15.2454, -1.72652, 0.67295, 0.472667
-1.8878, 1.34339, -16.0619, -1.73435, 0.499239, 0.486898
-2.14844, 1.51565, -16.9982, -1.84525, 0.357466, 0.486726
-2.31793, 1.78118, -17.8506, -2.02418, 0.294654, 0.504967
-2.61335, 1.93398, -18.5576, -2.11773, 0.014473, 0.479614
-2.89427, 2.12605, -19.3737, -2.21825, -0.237607, 0.447795
-3.11299, 2.34807, -20.2183, -2.33414, -0.486135, 0.417056
-3.32025, 2.58123, -20.913, -2.38984, -0.718041, 0.338387
-3.54786, 2.75225, -21.507, -2.44028, -0.98498, 0.242627
-3.7134, 2.84503, -22.0194, -2.45491, -1.21797, 0.18
-3.91672, 2.97874, -22.4001, -2.47555, -1.42186, 0.164277
-4.05065, 3.10371, -22.6275, -2.53004, -1.5546, 0.172988
-4.30496, 3.13762, -22.6793, -2.55271, -1.69494, 0.164085
-4.40536, 3.27028, -23.3056, -2.63251, -1.43819, 0.201323
-4.37035, 3.3677, -23.7695, -2.6972, -1.13863, 0.302188
-4.64936, 3.44613, -23.9479, -2.74805, -1.31751, 0.394388
-4.73643, 3.66479, -24.5241, -2.90616, -1.31252, 0.435719
-4.8234, 3.72622, -25.0198, -2.95915, -1.36773, 0.419564
-5.11468, 3.72533, -24.8738, -2.9881, -1.84875, 0.398427
-5.14105, 3.90015, -25.1121, -3.19429, -1.94907, 0.424155
-5.17232, 3.96531, -25.4044, -3.28599, -2.03389, 0.508374
-5.40068, 3.9805, -25.7183, -3.31464, -2.21842, 0.483352
-5.29529, 4.09639, -26.2435, -3.44453, -2.12806, 0.472092
-5.35076, 4.12151, -26.7176, -3.51847, -2.26975, 0.514482
-5.52362, 4.19813, -26.9925, -3.59054, -2.55561, 0.535615
-5.55646, 4.28116, -27.0562, -3.68512, -2.98309, 0.479958
-5.72568, 4.31604, -27.0748, -3.67175, -3.33722, 0.419556
-5.85837, 4.26638, -27.0323, -3.60642, -3.66322, 0.367111
-5.86932, 4.25229, -26.9622, -3.57841, -3.71994, 0.341326
-6.06431, 4.17936, -26.6452, -3.4777, -3.86845, 0.315021
-6.0715, 4.09544, -26.9534, -3.39, -3.63889, 0.292795
-6.04033, 4.027, -27.131, -3.40406, -3.65441, 0.183
-6.10116, 4.02012, -27.1194, -3.42122, -3.68426, 0.153124
-5.98233, 4.12683, -27.3393, -3.5276, -3.44419, 0.285982
-6.09258, 4.11635, -27.1335, -3.55112, -3.62649, 0.452246
-6.27121, 4.12934, -26.957, -3.58417, -3.99251, 0.467004
-6.1692, 4.18761, -27.0192, -3.66329, -4.17336, 0.418307
-6.29329, 4.19121, -26.935, -3.65008, -4.32634, 0.456848
-6.29207, 4.21676, -26.9446, -3.64666, -4.16957, 0.578209
-6.17592, 4.17709, -27.5392, -3.62073, -4.05657, 0.559703
-6.28477, 4.16743, -27.4634, -3.65164, -4.443, 0.409563
-6.27014, 4.23613, -27.5821, -3.74305, -4.44611, 0.354538
-6.1166, 4.30281, -28.0566, -3.76959, -4.13533, 0.525815
-6.36613, 4.2417, -27.9069, -3.6825, -4.65563, 0.547597
-6.47139, 4.27419, -27.7248, -3.73412, -5.01951, 0.476731
-6.47156, 4.30808, -27.7652, -3.81646, -5.11627, 0.483051
-6.46302, 4.34006, -27.9885, -3.80617, -4.97757, 0.505972
-6.40024, 4.37125, -28.2489, -3.80535, -4.92393, 0.492363
-6.38481, 4.3351, -28.3268, -3.77773, -4.96912, 0.510107
-6.3963, 4.43038, -28.3522, -3.8986, -5.01242, 0.575432
-6.36001, 4.41712, -28.6627, -3.88626, -4.94687, 0.559661
-6.34994, 4.40195, -28.6015, -3.83432, -5.007, 0.577803
-6.28009, 4.44417, -28.6879, -3.88548, -5.08341, 0.605436
-6.27796, 4.44625, -28.6424, -3.93745, -5.30471, 0.566404
-6.332, 4.4814, -28.5251, -3.97102, -5.36888, 0.588048
-6.29271, 4.46597, -28.475, -3.9221, -5.08346, 0.677264
-6.32545, 4.3726, -28.5195, -3.84894, -4.91557, 0.732086
-6.35137, 4.34077, -28.4687, -3.94375, -5.11442, 0.657384
-6.32631, 4.41795, -28.5482, -4.04981, -5.17317, 0.562626
-6.25122, 4.38188, -28.7629, -3.94196, -5.07759, 0.585947
-6.20015, 4.35458, -28.8559, -3.87444, -4.90834, 0.656862
-6.1432, 4.39738, -28.8262, -3.98404, -4.85036, 0.670103
-6.10686, 4.43452, -29.0426, -4.08484, -4.93191, 0.652859
-6.13814, 4.48642, -29.0816, -4.15067, -5.16576, 0.619177
-6.05266, 4.49705, -28.9664, -4.10701, -5.01849, 0.653604
-5.9909, 4.45248, -28.9028, -4.02945, -4.72861, 0.712609
-6.01567, 4.38835, -28.8186, -4.01593, -4.80612, 0.676323
-6.11224, 4.39923, -28.8768, -4.0833, -5.098, 0.578714
-6.13258, 4.42948, -28.6025, -4.13607, -5.14636, 0.690303
-6.1431, 4.41863, -28.69, -4.12464, -4.84927, 0.751085
-6.06989, 4.4673, -28.742, -4.1702, -4.73683, 0.80181
-6.11057, 4.46824, -28.8469, -4.21911, -4.85087, 0.701737
-6.13427, 4.48686, -28.7734, -4.19303, -4.86034, 0.74084
-6.08259, 4.46618, -28.8575, -4.12711, -4.81286, 0.7544
-6.137, 4.48347, -28.8709, -4.13511, -4.82924, 0.780942
-6.17675, 4.50326, -28.8617, -4.14234, -4.82393, 0.828183
-6.21807, 4.46397, -28.9585, -4.08915, -4.96409, 0.793311
-6.26337, 4.48163, -28.8734, -4.1501, -5.13442, 0.726947
-6.28052, 4.44303, -29.0112, -4.07642, -4.91062, 0.765238
-6.28364, 4.45474, -29.1854, -4.04565, -4.83315, 0.808732
-6.37456, 4.41968, -28.9634, -4.01566, -5.07836, 0.708396
-6.32651, 4.50121, -29.0523, -4.09288, -5.14817, 0.724307
-6.30923, 4.45203, -29.1098, -4.00951, -5.10308, 0.827929
-6.38881, 4.46855, -29.0559, -4.00299, -5.0841, 0.888198
-6.34314, 4.5449, -29.0865, -4.09183, -5.20839, 0.81352
-6.44537, 4.4354, -29.0207, -3.9693, -5.40517, 0.718577
-6.46344, 4.44349, -28.987, -3.95052, -5.06784, 0.71492
-6.20565, 4.46133, -29.2182, -3.91005, -4.64827, 0.785865
-6.42093, 4.35628, -29.1483, -3.82044, -5.08969, 0.673308
-6.44347, 4.43869, -28.796, -3.93745, -5.29072, 0.690763
-6.32243, 4.45672, -29.1269, -3.96309, -4.998, 0.872671
-6.44506, 4.48914, -29.3046, -3.96409, -5.1928, 0.909634
-6.48903, 4.51665, -28.9995, -4.02487, -5.62912, 0.767727
-6.43363, 4.5313, -29.2294, -4.0043, -5.65855, 0.754424
-6.4844, 4.51145, -29.3131, -3.93885, -5.66449, 0.769156
-6.62731, 4.37132, -29.0293, -3.78602, -6.09654, 0.582365
-6.57312, 4.3853, -29.1807, -3.72922, -6.12622, 0.308641
-6.42151, 4.3536, -29.4382, -3.57846, -5.79222, 0.243964
-6.41418, 4.31325, -29.4318, -3.40782, -5.69053, 0.320835
-6.4593, 4.19996, -29.0923, -3.31639, -5.99048, 0.142397
-6.3675, 4.17392, -28.966, -3.33198, -5.81888, 0.054436
-6.17212, 4.2753, -29.0413, -3.43418, -5.48224, 0.188627
-6.13047, 4.25352, -28.8489, -3.41836, -5.5293, 0.230615
-6.15965, 4.26947, -28.572, -3.43892, -5.57709, 0.193293
-5.98279, 4.24829, -28.7119, -3.3706, -5.16934, 0.272118
-5.90153, 4.22713, -28.8878, -3.29905, -4.95234, 0.335005
-5.91571, 4.27593, -28.827, -3.36435, -5.01207, 0.277238
-5.88495, 4.30903, -28.8294, -3.44796, -4.96334, 0.287824
-5.92319, 4.30495, -28.7718, -3.41847, -4.96487, 0.417257
-5.93852, 4.40213, -29.0368, -3.4816, -5.01924, 0.387364
-6.0737, 4.33611, -28.7363, -3.48096, -5.38097, 0.269648
-6.01492, 4.41754, -28.8586, -3.52836, -5.04617, 0.342932
-5.77839, 4.51927, -29.0524, -3.59303, -4.5955, 0.496876
-5.88591, 4.45687, -28.9664, -3.52306, -4.75317, 0.42621
-5.95913, 4.48025, -28.8596, -3.5734, -4.98022, 0.332024
-5.83443, 4.4136, -28.873, -3.52736, -4.7325, 0.375279
-5.81181, 4.44464, -28.9545, -3.5336, -4.5422, 0.525547
-5.8586, 4.49924, -29.153, -3.59779, -4.69114, 0.47764
-5.99053, 4.4074, -29.1244, -3.49098, -4.98316, 0.425714
-6.00064, 4.39155, -29.0853, -3.45459, -4.88993, 0.374595
-5.74501, 4.41465, -29.107, -3.45471, -4.55658, 0.450952
-5.81341, 4.41304, -28.6472, -3.457, -4.78514, 0.374194
-5.82917, 4.32014, -28.6783, -3.3731, -4.7087, 0.222039
-5.55787, 4.24909, -29.0178, -3.22282, -4.26974, 0.199187
-5.64024, 4.14948, -28.994, -3.13528, -4.42214, 0.044781
-5.68398, 4.10268, -28.6633, -3.07818, -4.6366, -0.144472
-5.47731, 4.06259, -28.5195, -2.99216, -4.33161, -0.080634
-5.32568, 4.08602, -28.5284, -3.02264, -4.03122, 0.015964
-5.20156, 4.19149, -28.3985, -3.17539, -4.06227, 0.033822
-5.22967, 4.17342, -28.721, -3.14937, -4.05241, 0.006755
-5.21799, 4.14393, -28.7752, -3.11356, -3.98815, 0.093405
-5.07455, 4.18843, -28.5568, -3.21133, -3.94157, 0.180592
-5.32215, 4.1251, -28.2477, -3.20768, -4.51393, 0.14529
-5.57159, 4.04294, -28.0921, -3.19053, -5.05217, -0.004067
-5.48964, 3.99735, -28.0641, -3.13276, -4.91387, 0.075641
-5.40231, 4.01915, -28.0702, -3.15936, -4.62331, 0.19534
-5.46468, 4.0418, -28.3521, -3.12602, -4.5775, 0.191282
-5.46906, 4.02696, -28.4848, -3.08526, -4.56747, 0.103009
-5.4701, 4.01856, -28.4071, -3.04556, -4.50019, 0.06361
-5.42814, 4.09792, -28.4735, -3.07503, -4.32351, 0.187551
-5.46807, 4.05669, -28.47, -3.10043, -4.46223, 0.234737
-5.61176, 4.11877, -28.5985, -3.18015, -4.69156, 0.323816
-5.55849, 4.20392, -28.441, -3.31923, -4.68399, 0.473791
-5.78086, 4.25769, -28.4594, -3.3859, -4.78906, 0.619101
-5.88926, 4.39219, -28.8977, -3.47116, -4.74968, 0.756475
-5.94531, 4.40093, -29.1515, -3.52061, -4.94229, 0.738909
-5.92633, 4.55416, -29.231, -3.70393, -4.8871, 0.846806
-5.70606, 4.64074, -29.5078, -3.78912, -4.41161, 1.06637
-5.78374, 4.6457, -29.7134, -3.84859, -4.53085, 1.04564
-5.87281, 4.67209, -29.3726, -3.91033, -4.83116, 0.883661
-5.72326, 4.63786, -29.21, -3.87464, -4.64395, 0.796497
-5.62354, 4.64542, -29.2348, -3.83086, -4.37208, 0.797644
-5.70521, 4.53513, -28.8917, -3.69752, -4.59265, 0.677988
-5.60375, 4.50758, -29.0926, -3.62092, -4.37993, 0.537887
-5.46702, 4.50316, -29.0603, -3.52026, -4.32081, 0.543941
-5.60405, 4.38803, -29.0487, -3.41295, -4.5502, 0.541042
-5.64729, 4.42873, -29.238, -3.4289, -4.67414, 0.5334
-5.65013, 4.3524, -29.1921, -3.36245, -4.71937, 0.571107
-5.60384, 4.45573, -28.9359, -3.46035, -4.7283, 0.636373
-5.50189, 4.40283, -28.8992, -3.38895, -4.82082, 0.556352
-5.47642, 4.31556, -28.8153, -3.23026, -4.78366, 0.489944
-5.28145, 4.39754, -28.6976, -3.2798, -4.45443, 0.430244
-5.10957, 4.35149, -28.672, -3.18442, -4.2963, 0.414015
-5.05573, 4.36572, -28.5629, -3.20041, -4.5514, 0.256706
-4.86343, 4.39489, -28.7155, -3.2025, -4.29083, 0.31928
-4.63349, 4.39976, -28.6558, -3.15534, -3.99781, 0.419205
-4.64336, 4.33703, -28.185, -3.14577, -4.2908, 0.37157
-4.49345, 4.29192, -27.9416, -3.15666, -4.30672, 0.287514
-4.40859, 4.16078, -27.7486, -3.03935, -4.22635, 0.25193
-4.34432, 4.14111, -27.3871, -3.04344, -4.12363, 0.309793
-4.26644, 4.08938, -26.9658, -3.02951, -4.31272, 0.231355
-4.21773, 3.98427, -26.7746, -2.94644, -4.25394, 0.207198
-4.09493, 3.98573, -26.974, -2.89065, -3.91663, 0.234501
-4.08889, 3.94803, -26.8333, -2.83786, -3.96814, 0.206032
-4.05198, 3.98509, -26.6228, -2.92643, -3.97814, 0.108352
-4.08248, 3.8868, -26.7851, -2.7782, -3.86836, 0.10243
-3.91764, 3.94264, -26.9323, -2.80528, -3.53623, 0.153017
-3.93255, 3.97889, -26.784, -2.86741, -3.74328, 0.121925
-3.97056, 3.99501, -26.6635, -2.91769, -3.84487, 0.107754
-3.91717, 4.02177, -27.0476, -2.91396, -3.53808, 0.158598
-3.89939, 4.01198, -26.9179, -2.92835, -3.65519, 0.188883
-4.04493, 3.97995, -26.7113, -2.91791, -3.98994, 0.108077
-4.07102, 3.92495, -26.9117, -2.86611, -4.02164, 0.037604
-4.02248, 3.91035, -27.0492, -2.81291, -3.71563, 0.115329
-3.99758, 3.94662, -27.1609, -2.83526, -3.587, 0.182976
-4.00692, 3.9372, -27.2066, -2.89486, -3.79781, 0.112666
-4.04328, 3.95231, -27.11, -2.91352, -3.86306, 0.192341
-3.95725, 3.99286, -27.1285, -2.95416, -3.73039, 0.295393
-3.94148, 4.03064, -27.1303, -2.95016, -3.75226, 0.398637
-4.07925, 3.99418, -27.1213, -2.95393, -4.02726, 0.310762
-3.93112, 3.96764, -27.111, -2.91245, -3.84504, 0.25669
-3.81177, 3.97195, -27.0905, -2.92363, -3.59733, 0.220984
-3.79579, 3.92092, -27.1646, -2.85279, -3.61341, 0.217924
-3.98024, 3.8763, -27.0336, -2.86309, -3.90603, 0.174142
-4.00401, 3.85456, -27.0657, -2.86791, -3.75663, 0.266217
-3.9556, 3.92665, -27.4271, -2.91312, -3.51088, 0.34948
-4.07415, 3.92683, -27.4563, -2.90206, -3.69457, 0.363298
-4.16758, 3.89705, -27.5669, -2.90191, -3.81243, 0.345315
-4.16964, 3.9202, -27.8367, -2.91624, -3.77454, 0.43843
-4.18001, 3.95547, -27.823, -2.93569, -3.94197, 0.419425
-4.26028, 3.98322, -27.4491, -3.00827, -4.17162, 0.383341
-4.27933, 3.98494, -27.4626, -3.02485, -3.99909, 0.423662
-4.2933, 3.83849, -27.504, -2.88683, -4.08364, 0.317553
-4.39135, 3.81823, -27.24, -2.93658, -4.46836, 0.207259
-4.40467, 3.91229, -27.3045, -3.06464, -4.3379, 0.336306
-4.33394, 3.97643, -27.7454, -3.13042, -3.97681, 0.559948
-4.48185, 4.01046, -27.6808, -3.18452, -4.37987, 0.53949
-4.56805, 4.11469, -27.5755, -3.2389, -4.64145, 0.478207
-4.41769, 4.14321, -28.0998, -3.16019, -4.23034, 0.484309
-4.49752, 4.08252, -27.9946, -3.05806, -4.2356, 0.465597
-4.52596, 4.11518, -27.9055, -3.11229, -4.34609, 0.408029
-4.57857, 4.07894, -28.1144, -3.03222, -4.48931, 0.391072
-4.702, 4.14932, -28.1221, -3.0899, -4.4663, 0.414067
-4.61773, 4.20784, -28.395, -3.12933, -4.35662, 0.402785
-4.71158, 4.14004, -28.4067, -3.07411, -4.62385, 0.452958
-4.84486, 4.22153, -28.3693, -3.15842, -4.86017, 0.411563
-4.77076, 4.21114, -28.4509, -3.11602, -4.8976, 0.365792
-4.72974, 4.2226, -28.4686, -3.13693, -4.68448, 0.407974
-4.76542, 4.24934, -28.4651, -3.18234, -4.79977, 0.470524
-4.78747, 4.21696, -28.3418, -3.18366, -5.12354, 0.37594
-4.9144, 4.22224, -28.3383, -3.14434, -5.14691, 0.415335
-4.7583, 4.31903, -28.4982, -3.26586, -4.84589, 0.539425
-4.76439, 4.29831, -28.7371, -3.21428, -4.88927, 0.552445
-4.87088, 4.31651, -28.645, -3.23396, -5.2554, 0.499221
-4.76335, 4.32889, -28.7731, -3.23864, -4.95761, 0.571314
-4.66639, 4.35897, -28.725, -3.28451, -4.75924, 0.685539
-4.78153, 4.30961, -28.4431, -3.27897, -5.16659, 0.546579
-4.80879, 4.2536, -28.2435, -3.23148, -5.23753, 0.448924
-4.73111, 4.25721, -28.4373, -3.18663, -4.79963, 0.461037
-4.70531, 4.16936, -28.3079, -3.09676, -4.72859, 0.458696
-4.77928, 4.11706, -28.0199, -3.1078, -4.99512, 0.261186
-4.46292, 4.14336, -27.9686, -3.15649, -4.55075, 0.299942
-4.4045, 4.05251, -27.8788, -3.12168, -4.30919, 0.437256
-4.4113, 4.066, -27.7126, -3.2063, -4.42332, 0.492175
-4.27368, 4.07468, -27.8019, -3.2394, -4.39171, 0.484505
-4.20685, 4.11428, -27.7907, -3.28671, -4.24351, 0.483448
-4.1397, 4.14279, -27.6783, -3.38045, -4.15371, 0.504627
-4.00218, 4.14563, -27.7438, -3.34057, -3.98387, 0.482751
-3.96848, 4.08353, -27.5323, -3.2958, -4.00363, 0.469945
-3.90789, 4.04225, -27.5297, -3.22163, -3.94988, 0.487092
-3.99284, 4.03002, -27.3908, -3.21985, -4.17825, 0.458518
-3.98195, 4.09014, -27.5994, -3.2257, -3.89031, 0.439619
-3.82839, 4.04142, -27.8346, -3.08092, -3.6529, 0.454857
-3.93111, 4.00677, -28.0368, -3.03056, -3.9591, 0.372117
-3.92125, 4.13435, -28.1588, -3.10022, -4.05255, 0.434987
-3.9013, 4.12362, -28.0557, -3.09889, -3.93219, 0.459448
-3.8607, 4.11442, -27.8574, -3.07216, -3.8133, 0.509834
-3.81928, 4.12485, -27.9609, -3.12164, -3.86834, 0.485761
-3.99352, 4.11908, -27.8736, -3.08605, -4.10625, 0.474087
-3.98365, 4.15132, -27.7737, -3.07764, -4.08525, 0.363429
-3.85858, 4.14615, -27.7397, -3.05231, -3.85586, 0.378968
-3.82403, 4.09649, -27.6428, -3.04061, -3.79259, 0.388681
-3.85841, 4.07585, -27.673, -3.03114, -3.86207, 0.373138
-3.89004, 4.07405, -27.5797, -3.00097, -3.95941, 0.387776
-3.9184, 4.02103, -27.4488, -2.9499, -4.14126, 0.357014
-3.86686, 3.97171, -27.342, -2.92049, -4.19951, 0.345966
-3.92233, 3.99635, -27.1722, -3.03462, -4.32484, 0.384061
-3.98232, 4.07633, -26.9908, -3.14234, -4.32743, 0.419096
-3.91335, 3.99132, -26.9224, -3.07821, -4.32561, 0.312457
-3.70855, 3.87115, -26.7367, -2.95766, -4.14135, 0.244495
-3.61179, 3.78425, -26.4166, -2.93386, -4.10593, 0.155697
-3.48839, 3.80069, -26.4815, -3.01975, -3.87964, 0.094397
-3.44215, 3.86439, -26.3623, -3.1348, -3.84552, 0.067436
-3.44384, 3.81345, -25.7876, -3.1812, -3.95782, 0.095297
-3.4183, 3.72165, -26.0588, -3.10324, -3.85994, 0.017267
-3.23, 3.62378, -25.9446, -3.00816, -3.74688, -0.010557
-3.24531, 3.61804, -25.5862, -3.01198, -3.77488, -0.013418
-2.95154, 3.73534, -25.6232, -3.1147, -3.44169, 0.055867
-2.95525, 3.71127, -25.6454, -3.12157, -3.45467, 0.131346
-3.06562, 3.80665, -25.8698, -3.17013, -3.33303, 0.281356
-3.09523, 3.81579, -26.0328, -3.16049, -3.51005, 0.353972
-3.34233, 3.80765, -26.2572, -3.12158, -3.66444, 0.351254
-3.28133, 3.89929, -26.1832, -3.19382, -3.52869, 0.377481
-3.23226, 3.86905, -26.3919, -3.10278, -3.40106, 0.399927
-3.71596, 3.73179, -26.2535, -2.97305, -3.93142, 0.236248
-3.93731, 3.58666, -26.2262, -2.90022, -4.1564, 0.030478
-4.08085, 3.54736, -26.5183, -2.92162, -4.18809, -0.170257
-4.26147, 3.64373, -26.7328, -3.04306, -4.28164, -0.122941
-4.20692, 3.80514, -26.8882, -3.17548, -4.1628, 0.182593
-4.17912, 3.92622, -27.228, -3.29015, -4.04692, 0.422758
-4.25753, 4.03626, -27.3411, -3.4522, -4.27635, 0.513134
-4.12647, 4.15817, -27.2921, -3.52866, -4.2502, 0.511252
-4.03658, 4.19609, -27.3605, -3.51131, -4.0296, 0.458943
-3.89635, 4.13231, -27.4635, -3.37746, -3.71772, 0.532978
-3.85514, 4.20672, -27.376, -3.42084, -3.74323, 0.515046
-3.89364, 4.23725, -27.5676, -3.4306, -3.83901, 0.324278
-3.80625, 4.16182, -27.6344, -3.33047, -3.70838, 0.299709
-3.78228, 4.11682, -27.4583, -3.2885, -3.74601, 0.409758
-3.81381, 4.17412, -27.5167, -3.33351, -4.0772, 0.400076
-3.88673, 4.17081, -27.508, -3.30504, -4.27111, 0.485065
-3.87329, 4.19441, -27.1443, -3.35739, -4.1861, 0.562139
-3.91617, 4.12423, -27.3096, -3.31438, -4.21068, 0.609757
-3.99867, 4.07759, -27.2127, -3.25626, -4.51531, 0.485097
-4.07674, 4.02527, -26.9959, -3.15243, -4.55819, 0.335662
-3.91654, 3.91152, -27.0183, -3.02042, -4.21021, 0.327671
-3.92355, 3.81465, -27.1457, -2.94794, -4.17382, 0.360187
-4.00821, 3.84342, -27.0699, -2.98839, -4.40186, 0.316505
-3.97671, 3.87689, -27.0297, -3.03517, -4.40913, 0.328754
-3.91274, 3.88136, -27.1695, -2.98725, -4.31385, 0.471945
-3.98376, 3.86923, -27.1415, -2.96329, -4.56658, 0.429982
-3.95201, 3.96216, -27.1164, -2.98139, -4.53108, 0.41352
-3.83906, 3.92126, -26.9271, -2.93845, -4.50785, 0.4147
-3.93528, 3.83209, -26.861, -2.86349, -4.64886, 0.34909
-4.04367, 3.73986, -27.0234, -2.77625, -4.80591, 0.325198
-4.0441, 3.79187, -27.1778, -2.83834, -4.71662, 0.375054
-4.01483, 3.92996, -27.276, -2.98803, -4.54729, 0.458948
-3.92804, 3.91354, -27.0713, -3.01714, -4.66368, 0.522563
-3.84279, 3.96114, -27.3061, -3.04101, -4.48718, 0.58963
-3.83962, 3.97684, -27.3221, -3.04718, -4.4574, 0.686016
