Fx [N], Fy [N], Fz [N], Mx [Nm], My [Nm], Mz [Nm]
0.716487, -0.065558, -2.11456, -0.412163, 0.48034, -0.021736
0.717504, -0.070074, -2.15511, -0.414481, 0.475019, -0.034552
0.709495, -0.066189, -2.17731, -0.428429, 0.446003, -0.037045
0.705718, -0.063332, -2.24016, -0.449993, 0.421859, -0.053644
0.699506, -0.071597, -2.3085, -0.433302, 0.395321, -0.056217
0.690867, -0.070583, -2.39921, -0.425826, 0.38035, -0.063837
0.696823, -0.074444, -2.54229, -0.416718, 0.401033, -0.069622
0.693855, -0.085611, -2.65921, -0.403932, 0.385229, -0.08194
0.698922, -0.094063, -2.77022, -0.37405, 0.400959, -0.098283
0.702731, -0.095272, -2.89524, -0.356672, 0.426397, -0.10736
0.721691, -0.109515, -3.15839, -0.337191, 0.469714, -0.0832
0.752606, -0.120247, -3.58712, -0.280132, 0.529398, -0.082098
0.80482, -0.138639, -4.08581, -0.236796, 0.613866, -0.054933
0.845047, -0.159041, -4.66578, -0.230882, 0.662634, -0.058049
0.85725, -0.172016, -5.10613, -0.238475, 0.628854, -0.036566
0.867975, -0.181798, -5.72549, -0.228752, 0.619376, -0.009017
0.924222, -0.208946, -6.44383, -0.164996, 0.736694, 0.007394
0.974031, -0.238157, -7.20468, -0.147902, 0.857526, 0.020498
1.05192, -0.256475, -8.06714, -0.106099, 1.06657, 0.001082
1.11984, -0.265594, -8.67316, -0.120811, 1.34275, -0.057237
1.25009, -0.284142, -9.20197, -0.089453, 1.64528, -0.085124
1.35638, -0.306528, -9.71081, -0.022549, 1.8197, -0.137957
1.39159, -0.348919, -10.3956, 0.132988, 1.80637, -0.180019
1.38868, -0.379046, -11.1245, 0.265791, 1.5573, -0.143211
1.32159, -0.385394, -11.7517, 0.284385, 1.29561, -0.04717
1.25972, -0.394015, -12.6152, 0.280701, 1.13986, 0.024731
1.18595, -0.390232, -13.1983, 0.242723, 1.00842, 0.044516
1.10518, -0.371074, -13.6184, 0.205878, 0.882598, 0.064026
1.11602, -0.367242, -14.2128, 0.194752, 0.938247, 0.050696
1.2177, -0.346254, -14.1736, 0.171753, 1.29513, -0.033104
1.32308, -0.316264, -14.1072, 0.086748, 1.74333, -0.059122
1.3921, -0.293415, -14.1604, 0.031155, 1.89414, -0.061216
1.4611, -0.271552, -14.1286, 0.037094, 2.02458, -0.058514
1.4633, -0.272586, -14.5679, 0.118049, 1.98982, -0.091401
1.35602, -0.263998, -14.9715, 0.136383, 1.70304, -0.164907
1.23261, -0.24033, -15.3165, 0.135303, 1.40214, -0.143208
1.18402, -0.200726, -16.2039, 0.108565, 1.24656, -0.046756
1.09649, -0.159618, -16.6642, -0.004591, 1.09468, -0.011274
1.03565, -0.116385, -17.0304, -0.156309, 1.08065, 0.021267
1.11272, -0.085745, -16.9472, -0.359243, 1.41598, -0.049396
1.23628, -0.09406, -16.7549, -0.380941, 1.62398, -0.060346
1.2712, -0.145882, -16.7457, -0.405099, 1.59684, -0.184665
1.18853, -0.195643, -16.4818, -0.384599, 1.38081, -0.21358
1.13369, -0.243195, -16.7193, -0.348858, 1.2117, -0.16049
1.11679, -0.309878, -17.1218, -0.211777, 1.15635, -0.196168
1.04109, -0.412034, -17.2843, -0.041224, 0.971966, -0.237101
0.935599, -0.470056, -17.3488, 0.058054, 0.780134, -0.209333
0.914107, -0.510195, -17.5862, 0.089496, 0.780409, -0.134227
0.993107, -0.531983, -17.4539, 0.127022, 0.952831, -0.061482
0.972441, -0.554589, -17.1607, 0.220508, 0.888887, -0.030745
0.964784, -0.5812, -17.4152, 0.422783, 0.86092, -0.022672
0.985313, -0.591085, -17.3874, 0.596214, 1.06165, -0.052824
1.01994, -0.591587, -17.4539, 0.6565, 1.12839, -0.055483
0.987843, -0.584768, -17.434, 0.674667, 1.06707, -0.072261
0.975049, -0.561703, -17.5887, 0.679093, 1.05651, -0.060284
0.991816, -0.53735, -17.9705, 0.675803, 1.07947, -0.020683
1.00614, -0.491682, -18.2106, 0.582379, 1.14669, -0.011319
1.01543, -0.452239, -18.334, 0.474843, 1.16695, -0.012164
0.972069, -0.410986, -18.1368, 0.375263, 1.11533, -0.000717
0.949887, -0.410142, -18.5283, 0.419088, 1.03266, -0.053726
0.947176, -0.394374, -18.5817, 0.35111, 1.07996, -0.083017
0.904901, -0.383667, -18.3448, 0.213933, 1.06539, -0.093392
0.901402, -0.369009, -18.416, 0.088101, 1.06195, -0.101562
0.878734, -0.361798, -18.4642, 0.060245, 1.05721, -0.096833
0.895134, -0.371208, -18.5214, 0.057222, 1.04343, -0.132406
0.869618, -0.38126, -18.5742, 0.069121, 0.968169, -0.162403
0.849278, -0.380915, -18.8134, -0.047321, 0.907412, -0.136173
0.871714, -0.368907, -18.6345, -0.076309, 0.95155, -0.133236
0.863519, -0.382197, -18.6152, -0.073336, 0.895171, -0.177104
0.818655, -0.411203, -18.8285, 0.009908, 0.742744, -0.207634
0.762205, -0.424832, -19.0178, 0.073559, 0.59523, -0.239149
0.725484, -0.430074, -19.1687, 0.129363, 0.528624, -0.168202
0.746893, -0.438096, -19.4675, 0.270975, 0.689238, -0.130195
0.791243, -0.435463, -19.3986, 0.380944, 0.859466, -0.108099
0.758037, -0.413302, -19.4174, 0.418002, 0.797194, -0.065534
0.752963, -0.39021, -19.7128, 0.389772, 0.741865, -0.035899
0.738541, -0.36788, -19.8679, 0.373268, 0.728172, -0.033719
0.733211, -0.356661, -20.1357, 0.293559, 0.702135, -0.027058
0.70681, -0.335115, -19.8706, 0.106095, 0.668894, -0.022546
0.645878, -0.311026, -19.985, -0.098143, 0.523277, -0.074612
0.668825, -0.313802, -20.2095, -0.185539, 0.549574, -0.101546
0.666531, -0.336803, -19.9151, -0.173167, 0.533374, -0.174558
0.64293, -0.372076, -20.2244, -0.173955, 0.46259, -0.156143
0.617655, -0.375518, -19.8144, -0.201368, 0.413985, -0.103737
0.602146, -0.398739, -19.535, -0.147402, 0.367396, -0.141986
0.589482, -0.446908, -19.6908, -0.035375, 0.374734, -0.200598
0.549757, -0.45441, -19.5637, 0.061146, 0.318014, -0.217471
0.505115, -0.475909, -19.6821, 0.16442, 0.308057, -0.226618
0.487162, -0.478844, -19.689, 0.390623, 0.347036, -0.129311
0.490182, -0.478232, -19.9436, 0.502611, 0.356591, -0.101581
0.469541, -0.442805, -20.024, 0.451567, 0.331792, -0.084927
0.441504, -0.407823, -20.1454, 0.384477, 0.267483, -0.016094
0.453228, -0.388482, -20.3049, 0.342666, 0.275584, -0.021397
0.470954, -0.356434, -20.2865, 0.318561, 0.327722, -0.08109
0.442433, -0.345109, -20.4037, 0.274295, 0.220828, -0.099914
0.383514, -0.326603, -20.4294, 0.262238, 0.048654, -0.09425
0.365883, -0.331165, -20.3308, 0.283668, -0.043536, -0.107141
0.379855, -0.326557, -20.4254, 0.308214, 0.047705, -0.102727
0.404729, -0.310552, -20.4875, 0.250931, 0.16742, -0.066984
0.408246, -0.278244, -20.2455, 0.209651, 0.182713, -0.032959
0.378127, -0.268848, -20.2367, 0.247195, 0.009852, -0.023129
0.331021, -0.241729, -20.5947, 0.233639, -0.150037, -0.016805
0.31714, -0.212545, -20.8177, 0.163039, -0.170222, 0.014851
0.306708, -0.175488, -20.7798, 0.087535, -0.10473, 0.02464
0.351715, -0.140194, -20.6723, 0.027626, 0.009949, 0.000946
0.346003, -0.115251, -20.5686, -0.008041, 0.033508, -0.028347
0.357915, -0.081046, -20.8501, -0.139075, 0.055225, 0.018033
0.375012, -0.063854, -20.473, -0.350581, 0.096482, -0.001284
0.343931, -0.048718, -20.4051, -0.525548, -0.04223, -0.090534
0.319072, -0.085733, -20.7341, -0.559467, -0.230751, -0.146874
0.275062, -0.118999, -20.9079, -0.526302, -0.327106, -0.197847
0.281253, -0.166922, -20.8559, -0.522012, -0.342025, -0.137882
0.301263, -0.215474, -20.642, -0.44257, -0.274028, -0.128745
0.336132, -0.294853, -20.6246, -0.326317, -0.201612, -0.186225
0.364673, -0.350923, -20.232, -0.232158, -0.125663, -0.202297
0.363083, -0.406963, -20.2498, -0.126215, -0.125597, -0.129447
0.39007, -0.430158, -20.5258, -0.00132, -0.048939, -0.067007
0.416363, -0.468774, -20.4946, 0.210686, 0.069619, -0.05545
0.421005, -0.484926, -20.7792, 0.467976, 0.098778, -0.039145
0.42521, -0.488018, -20.7742, 0.493884, 0.109998, -0.004368
0.432768, -0.458773, -20.879, 0.402095, 0.072038, 0.008091
0.41576, -0.458878, -21.0987, 0.106462, -0.145675, 0.030637
0.416438, -0.480569, -20.8029, -0.011272, -0.188276, -0.050892
0.413738, -0.552951, -20.5474, 0.071184, -0.20373, -0.086646
0.433656, -0.639175, -20.4423, 0.203159, -0.192982, -0.103831
0.447389, -0.746619, -20.1319, 0.330146, -0.148481, -0.122315
0.492865, -0.808414, -19.833, 0.402447, -0.077114, -0.09799
0.517728, -0.856108, -19.5128, 0.475531, -0.013509, -0.022036
0.574125, -0.897444, -19.4132, 0.706045, 0.16527, 0.080397
0.661035, -0.931406, -19.3742, 1.14052, 0.482026, 0.067685
0.682372, -0.91171, -19.7369, 1.24031, 0.615896, 0.054443
0.703228, -0.826322, -20.1747, 1.17913, 0.659025, 0.049675
0.694812, -0.699098, -20.4394, 0.992859, 0.632092, 0.058708
0.67456, -0.558582, -20.7584, 0.756025, 0.567425, 0.078405
0.631731, -0.404949, -21.0917, 0.505642, 0.459319, 0.08663
0.618992, -0.267055, -21.3655, 0.287934, 0.407841, 0.05679
0.604164, -0.147247, -21.4895, 0.075589, 0.306841, 0.053503
0.565761, -0.05534, -21.7383, -0.094658, 0.182094, 0.03617
0.562157, 0.004385, -22.0735, -0.258867, 0.142353, 0.027785
0.66345, 0.031663, -22.0951, -0.428142, 0.185172, 0.012956
0.680571, 0.024011, -21.8027, -0.580887, 0.160626, -0.030543
0.699773, 0.013246, -21.9439, -0.637436, 0.189688, -0.030524
0.780108, -0.031867, -21.7014, -0.629423, 0.3824, -0.062022
0.923661, -0.094077, -21.4812, -0.572414, 0.626993, -0.103489
0.955362, -0.188156, -21.3096, -0.460524, 0.66741, -0.11094
0.958572, -0.258655, -21.1278, -0.324772, 0.674593, -0.12088
1.01616, -0.358834, -21.009, -0.189298, 0.808437, -0.144107
1.07438, -0.440632, -20.6806, -0.065178, 0.933276, -0.153366
1.10771, -0.498598, -20.4421, 0.002394, 0.975266, -0.126479
1.14468, -0.532621, -20.3764, 0.126975, 1.01604, -0.006014
1.20155, -0.577358, -20.3987, 0.394284, 1.04146, 0.029981
1.21823, -0.586645, -20.404, 0.625215, 1.09283, 0.028233
1.22303, -0.564893, -20.4178, 0.695188, 1.17414, 0.042825
1.25874, -0.535275, -20.8691, 0.652476, 1.32, 0.052938
1.28488, -0.509919, -21.0653, 0.61531, 1.38837, 0.033808
1.24817, -0.481339, -21.0507, 0.52953, 1.31549, -0.019266
1.27466, -0.450032, -21.0471, 0.465989, 1.48872, -0.008745
1.33947, -0.428123, -20.7881, 0.399374, 1.72753, 0.001864
1.38592, -0.433646, -21.1466, 0.3394, 1.79232, 0.016691
1.34742, -0.414732, -21.0416, 0.109399, 1.67663, -0.032105
1.30801, -0.387942, -20.9011, -0.018169, 1.53052, -0.038687
1.3149, -0.409152, -21.2692, 0.078381, 1.52402, 0.042088
1.30126, -0.426397, -21.4717, 0.209936, 1.53122, 0.051356
1.26485, -0.402399, -21.3849, 0.23455, 1.57759, 0.062041
1.24284, -0.381838, -21.4615, 0.368898, 1.63799, 0.042843
1.26346, -0.358906, -22.0479, 0.403244, 1.65135, 0.02124
1.289, -0.303255, -22.4893, 0.286285, 1.67221, 0.033277
1.29496, -0.226578, -22.5623, 0.11448, 1.6873, 0.053126
1.30334, -0.171128, -22.5296, -0.007996, 1.65891, 0.017523
1.31218, -0.17578, -22.7575, 0.018521, 1.55497, -0.093097
1.25446, -0.1913, -22.9004, -0.182338, 1.15655, -0.098821
1.1883, -0.209726, -22.4448, -0.35064, 1.05808, -0.064313
1.23698, -0.261031, -22.4292, -0.344962, 1.18365, -0.083951
1.27145, -0.346655, -21.9188, -0.249059, 1.266, -0.145955
1.24715, -0.420802, -21.3506, -0.170608, 1.24029, -0.154364
1.27635, -0.474672, -21.2026, -0.096488, 1.2927, -0.125216
1.2585, -0.501613, -20.9676, -0.037267, 1.31754, -0.080297
1.27262, -0.550662, -21.2519, 0.121431, 1.49597, -0.119205
1.28136, -0.536042, -21.1823, 0.282071, 1.68687, -0.079979
1.25478, -0.521029, -21.1187, 0.391265, 1.68548, -0.044733
1.29659, -0.502852, -21.276, 0.471579, 1.76065, -0.055908
1.28644, -0.488731, -21.2241, 0.419302, 1.77, -0.064565
1.27456, -0.446844, -21.5922, 0.317791, 1.72583, -0.030555
1.22951, -0.410252, -21.3636, 0.149562, 1.63416, -0.049301
1.23454, -0.416671, -21.4521, 0.157375, 1.56272, -0.13863
1.22334, -0.444108, -21.3883, -0.013714, 1.32507, -0.160634
1.19545, -0.412849, -20.9848, -0.054231, 1.08843, -0.047322
1.13419, -0.447366, -20.9926, 0.139688, 0.920158, -0.005729
1.12004, -0.49449, -21.2967, 0.39406, 0.873934, 0.018797
1.09542, -0.515017, -21.1608, 0.509123, 0.919608, 0.041203
1.13395, -0.461103, -21.1332, 0.499724, 1.17695, 0.050236
1.21144, -0.406281, -21.3068, 0.459215, 1.47365, 0.076736
1.25289, -0.342868, -21.2272, 0.362527, 1.62617, -0.004699
1.27368, -0.300216, -21.2234, 0.267808, 1.69377, -0.066794
1.2632, -0.244638, -21.2708, 0.129909, 1.66059, -0.082817
1.25541, -0.235491, -21.5928, 0.149903, 1.57291, -0.090038
1.22013, -0.239475, -21.6671, 0.151188, 1.37857, -0.097718
1.16608, -0.230495, -21.3508, 0.018062, 1.10056, -0.091419
1.13404, -0.210119, -21.4165, -0.124678, 0.95401, -0.047987
1.13683, -0.210079, -20.9426, -0.180995, 1.00325, -0.001909
1.14382, -0.223912, -20.6753, -0.116396, 1.02067, -0.034934
1.18561, -0.227716, -21.0978, -0.13865, 1.22504, 0.001132
1.20872, -0.191759, -20.7075, -0.162365, 1.42848, 0.01548
1.22296, -0.206067, -20.8033, 0.03393, 1.50815, -0.059007
1.21985, -0.210645, -21.0754, 0.148056, 1.46822, -0.094964
1.1593, -0.199653, -20.9484, 0.146617, 1.34341, -0.018213
1.19256, -0.171618, -21.1046, 0.089965, 1.35934, 0.03673
1.19495, -0.14057, -20.9922, 0.050052, 1.32216, 0.035126
1.164, -0.122981, -21.0652, 0.002098, 1.20668, 0.012282
1.13216, -0.091172, -21.2245, -0.05053, 1.12475, 0.004196
1.13779, -0.064505, -21.1196, -0.106298, 1.17841, 0.032165
1.15688, -0.04954, -21.1298, -0.156945, 1.27815, 0.044148
1.17433, -0.035159, -21.1205, -0.221538, 1.38118, 0.037497
1.18167, -0.011576, -20.9702, -0.336073, 1.44301, 0.032311
1.18663, 0.006451, -20.8622, -0.478675, 1.42611, -0.056738
1.14162, -0.00123, -20.9654, -0.439919, 1.2749, -0.102719
1.10091, -0.029791, -21.1622, -0.384103, 1.07824, -0.114215
1.07727, -0.025534, -20.8869, -0.541089, 1.01385, -0.116823
1.08222, -0.014695, -20.9696, -0.646118, 1.04606, -0.100753
1.12097, -0.01439, -20.8054, -0.676731, 1.17498, -0.121845
1.13783, -0.029394, -20.7468, -0.66378, 1.23143, -0.111668
1.12321, -0.03796, -20.6684, -0.65358, 1.07759, -0.046254
1.04587, -0.053362, -20.6096, -0.557569, 0.82774, -0.075194
1.03767, -0.083256, -20.9809, -0.471686, 0.824733, -0.130913
1.03792, -0.103004, -20.955, -0.501682, 0.926462, -0.135631
1.07712, -0.114205, -20.8375, -0.563112, 1.10199, -0.165191
1.10768, -0.119961, -20.7104, -0.525358, 1.22872, -0.147941
1.12186, -0.137771, -20.4792, -0.440021, 1.30626, -0.16998
1.11343, -0.176105, -20.6864, -0.245538, 1.34581, -0.199187
1.10367, -0.191664, -20.5254, -0.144708, 1.35104, -0.220161
1.05637, -0.19684, -20.2556, -0.078672, 1.22312, -0.245282
1.0409, -0.212668, -20.6625, 0.021033, 1.09052, -0.20182
1.01974, -0.22137, -20.8444, 0.099765, 1.00232, -0.082387
1.01015, -0.20684, -21.0493, 0.019554, 0.881661, -0.058177
0.992321, -0.197083, -21.2414, -0.234432, 0.811228, -0.058331
1.02491, -0.189872, -21.1308, -0.460976, 0.910503, -0.103544
1.06125, -0.220038, -21.067, -0.455998, 1.03702, -0.120635
1.0759, -0.251053, -20.9544, -0.425441, 1.06698, -0.132767
1.06687, -0.271678, -20.5741, -0.31295, 1.04931, -0.169163
1.0632, -0.308383, -20.7841, -0.138466, 1.0458, -0.142688
1.06125, -0.333886, -21.0363, 0.199481, 1.08215, -0.05087
1.04493, -0.328475, -21.1276, 0.369899, 1.17071, -0.019407
1.05789, -0.292698, -21.4906, 0.319717, 1.32798, -0.019183
1.12011, -0.232314, -21.3671, 0.159058, 1.42696, -0.022156
1.12327, -0.167838, -21.5022, 0.063774, 1.40206, -0.004877
1.10313, -0.114153, -21.5908, -0.02206, 1.34623, 0.010509
1.08093, -0.092623, -21.6979, -0.034185, 1.26738, -0.09306
1.07523, -0.069033, -22.1486, -0.11988, 1.17525, -0.154004
0.988703, -0.046786, -22.015, -0.293831, 0.91516, -0.123073
0.985452, -0.001683, -22.0414, -0.599534, 0.859215, 0.007548
1.05223, -0.020125, -21.7525, -0.674393, 1.02565, -0.092403
1.08014, -0.056468, -21.4785, -0.648944, 1.05999, -0.175039
1.03563, -0.106355, -21.2885, -0.570306, 0.973596, -0.178445
1.0295, -0.118196, -21.0846, -0.52725, 0.984625, -0.163002
1.04455, -0.145871, -21.0144, -0.41264, 1.07771, -0.18631
1.04726, -0.16503, -20.9646, -0.158217, 1.22263, -0.159149
1.05405, -0.143154, -21.139, -0.058651, 1.32398, -0.04439
1.06412, -0.083156, -20.8215, -0.13475, 1.39128, -0.042699
1.11377, -0.043068, -20.7817, -0.156041, 1.43823, -0.039539
1.12496, -0.012563, -20.9753, -0.23606, 1.4215, -0.035733
1.09121, 0.028649, -20.7595, -0.310866, 1.28217, -0.013474
1.04392, 0.049197, -20.7591, -0.356774, 1.03175, -0.009711
1.00758, 0.04272, -21.0769, -0.519965, 0.756918, -0.080898
0.961058, 0.016306, -21.1554, -0.705406, 0.712361, -0.149955
0.96338, -0.02314, -20.7272, -0.748829, 0.784431, -0.172082
1.00572, -0.078701, -20.5591, -0.682792, 0.876512, -0.140259
1.01774, -0.146215, -20.3977, -0.550543, 0.892672, -0.15636
1.00157, -0.17753, -20.1061, -0.463671, 0.8519, -0.107364
1.00801, -0.206421, -20.213, -0.345111, 0.858381, -0.054183
1.03275, -0.23447, -20.3387, -0.119085, 0.978495, -0.037181
1.03651, -0.244766, -20.269, 0.134962, 1.0698, -0.018928
1.01091, -0.2166, -20.4234, 0.162965, 1.06917, 0.003836
0.999478, -0.187715, -20.6127, 0.122013, 1.09624, 0.015345
0.993888, -0.157598, -20.965, 0.06732, 1.15583, -0.052063
0.973393, -0.117916, -21.222, -0.020987, 1.16765, -0.086382
0.964524, -0.074929, -21.4652, -0.197396, 1.21984, -0.115245
1.00826, -0.041187, -21.3276, -0.450435, 1.27983, -0.115115
1.02571, -0.024136, -20.8654, -0.652852, 1.17021, -0.122951
0.993298, -0.051303, -21.0266, -0.615058, 0.890236, -0.163071
0.930638, -0.098574, -21.0666, -0.512202, 0.687735, -0.19726
0.895273, -0.142213, -20.9478, -0.46533, 0.593398, -0.138879
0.905201, -0.183098, -21.0832, -0.455803, 0.629175, -0.082188
0.915191, -0.219934, -20.8372, -0.429814, 0.719857, -0.070054
0.964203, -0.247037, -20.7686, -0.368866, 0.871637, -0.145142
1.0157, -0.274896, -20.9598, -0.306416, 1.09665, -0.138266
1.04804, -0.271676, -20.7076, -0.289318, 1.23057, -0.100633
1.04517, -0.275394, -20.4569, -0.132343, 1.2841, -0.079146
1.03134, -0.310962, -20.8574, 0.241915, 1.20636, -0.060317
0.998718, -0.31815, -21.3739, 0.327856, 1.09042, -0.050611
0.975763, -0.263967, -21.3371, 0.270139, 1.04027, -0.012127
0.946791, -0.224493, -21.3328, 0.196319, 1.0069, 0.011762
0.945102, -0.18781, -21.9347, 0.148755, 0.997844, 0.025889
0.918034, -0.146714, -22.2691, 0.086354, 0.91462, 0.029417
0.880027, -0.094195, -22.1884, -0.049519, 0.795131, 0.053616
0.843151, -0.048484, -22.2424, -0.143206, 0.642041, 0.075814
0.843044, -0.011788, -22.1829, -0.251455, 0.597085, 0.058732
0.823008, -0.012806, -21.9538, -0.349465, 0.524745, -0.034181
0.820561, 0.008482, -21.6902, -0.588333, 0.551086, -0.083116
0.85627, 0.024818, -21.8446, -0.689511, 0.772888, -0.102928
0.89805, 0.009659, -22.0991, -0.59314, 1.08684, -0.129242
0.939174, -0.014206, -21.9476, -0.463695, 1.19301, -0.121934
0.954633, -0.003394, -22.01, -0.482064, 1.19887, -0.11434
0.951101, -0.000511, -21.8877, -0.395577, 1.1166, -0.070384
0.905349, -0.017704, -22.1276, -0.228913, 0.785322, -0.055936
0.860237, -0.030675, -22.3818, -0.344361, 0.493389, -0.087302
0.802388, -0.030233, -22.1757, -0.52965, 0.388141, -0.128073
0.822281, -0.053569, -22.2706, -0.601277, 0.485421, -0.12082
0.877042, -0.091502, -22.2125, -0.628085, 0.714013, -0.116293
0.928852, -0.139254, -22.1326, -0.563355, 0.886147, -0.140146
0.945886, -0.17211, -21.8466, -0.505874, 0.96639, -0.145495
0.951018, -0.187342, -21.476, -0.361429, 1.01948, -0.160255
0.945965, -0.237085, -21.8268, -0.028488, 1.05482, -0.15625
0.914669, -0.242782, -22.238, 0.198227, 0.965041, -0.050372
0.858166, -0.199814, -22.3115, 0.177285, 0.85845, -0.014154
0.856222, -0.130816, -22.8027, 0.063144, 0.897758, 0.019261
0.901893, -0.049044, -22.832, -0.114344, 1.01043, 0.032279
0.889961, 0.024478, -22.8291, -0.264012, 1.00729, 0.019089
0.898111, 0.086148, -22.8125, -0.399466, 1.04083, -0.009088
0.893628, 0.131532, -22.6658, -0.457394, 1.03382, -0.08679
0.903378, 0.157125, -22.8695, -0.494027, 0.949503, -0.099461
0.811526, 0.175014, -22.8512, -0.596989, 0.566466, -0.108818
0.757524, 0.186583, -22.8367, -0.766021, 0.353818, -0.083507
0.780456, 0.175093, -22.9273, -0.873361, 0.441285, -0.143037
0.829078, 0.148569, -22.7714, -0.965394, 0.591449, -0.167842
0.818215, 0.122676, -22.4401, -0.997376, 0.612266, -0.118428
0.829267, 0.09549, -22.318, -0.95328, 0.658289, -0.07252
0.906589, 0.060222, -21.8549, -0.878165, 0.851723, -0.151429
0.913953, 0.031433, -21.6818, -0.752256, 0.856927, -0.176354
0.881801, 0.009265, -21.6799, -0.60378, 0.734775, -0.135583
0.851098, -0.000557, -21.8051, -0.309805, 0.637411, -0.041209
0.833883, 0.01936, -21.9142, -0.205728, 0.67874, 0.015522
0.811865, 0.061313, -22.4763, -0.252199, 0.696102, 0.014177
0.81438, 0.122713, -22.759, -0.378903, 0.78462, 0.015952
0.804128, 0.178192, -22.5796, -0.516305, 0.865505, -0.022473
0.844651, 0.22142, -22.8937, -0.669256, 1.01158, -0.061811
0.875485, 0.265883, -22.5413, -0.854369, 1.10079, -0.095289
0.872708, 0.273369, -22.1792, -0.962263, 1.04796, -0.09392
0.839736, 0.267309, -22.2018, -1.05586, 0.893079, -0.112685
0.775706, 0.254712, -22.2598, -1.10828, 0.504743, -0.127513
