Fx [N], Fy [N], Fz [N], Mx [Nm], My [Nm], Mz [Nm]
0.394414, -0.280453, -2.9642, -0.01609, -0.089105, -0.036637
0.386069, -0.290626, -3.03458, -0.055204, -0.10132, -0.030942
0.373427, -0.292019, -3.09482, -0.087625, -0.126313, -0.022869
0.370683, -0.291602, -3.09747, -0.162956, -0.131524, -0.038278
0.378912, -0.291051, -3.14211, -0.19743, -0.110134, -0.045237
0.377779, -0.292269, -3.10626, -0.246013, -0.097932, -0.053202
0.377099, -0.293526, -3.08658, -0.269481, -0.095072, -0.069044
0.384834, -0.293723, -3.11318, -0.26534, -0.085446, -0.086172
0.373144, -0.303904, -3.12112, -0.235497, -0.101843, -0.090438
0.372806, -0.319434, -3.20495, -0.156074, -0.108509, -0.075645
0.36989, -0.332755, -3.30502, -0.031998, -0.107352, -0.07293
0.36588, -0.342281, -3.36497, 0.039054, -0.100773, -0.067195
0.363533, -0.344163, -3.43311, 0.079342, -0.101741, -0.061261
0.377899, -0.354841, -3.54147, 0.114739, -0.068028, -0.049589
0.393349, -0.355874, -3.62974, 0.1502, -0.040564, -0.038425
0.395065, -0.360049, -3.80066, 0.15926, -0.030778, -0.031118
0.389989, -0.375518, -3.99348, 0.153873, -0.061944, -0.01656
0.381927, -0.38509, -4.21845, 0.162838, -0.090322, -0.001229
0.386985, -0.405387, -4.48228, 0.170659, -0.087535, -0.00947
0.388232, -0.42461, -4.76945, 0.190583, -0.086705, 0.014756
0.380936, -0.444923, -5.10709, 0.23082, -0.072166, 0.02899
0.386407, -0.459017, -5.39016, 0.234746, -0.076179, 0.06014
0.378697, -0.474516, -5.71758, 0.247553, -0.076123, 0.085146
0.372557, -0.50101, -6.01086, 0.229823, -0.106979, 0.107835
0.377419, -0.531366, -6.3836, 0.221135, -0.091112, 0.092701
0.369908, -0.569818, -6.85923, 0.199556, -0.123572, 0.06453
0.378906, -0.609728, -7.28086, 0.181348, -0.148543, 0.022936
0.35775, -0.665589, -7.62616, 0.177274, -0.197261, -0.036786
0.358165, -0.730803, -8.08565, 0.170078, -0.172234, -0.066419
0.396986, -0.790626, -8.46986, 0.178075, -0.092657, -0.055148
0.392467, -0.855475, -8.64044, 0.151222, -0.081817, -0.039702
0.395514, -0.896345, -8.72739, 0.140341, -0.091864, -0.062361
0.389779, -0.951426, -9.03945, 0.227851, -0.114082, -0.088997
0.393292, -1.02999, -9.46228, 0.521132, -0.172212, -0.070545
0.398116, -1.06236, -9.72913, 0.876024, -0.177013, -0.008746
0.376069, -1.09284, -10.2469, 1.10396, -0.201263, 0.014153
0.361208, -1.12987, -10.958, 1.27771, -0.203584, 0.043635
0.378917, -1.14525, -11.5368, 1.36485, -0.136279, 0.080277
0.383831, -1.18799, -12.1588, 1.43897, -0.0986, -0.019892
0.398188, -1.20883, -12.4516, 1.35452, 0.031593, -0.121533
0.417362, -1.19719, -12.3762, 1.27948, 0.125488, -0.143773
0.424953, -1.21285, -12.4944, 1.36766, 0.133682, -0.137548
0.385146, -1.21244, -12.5087, 1.52964, -0.00508, -0.013241
0.35258, -1.196, -12.673, 1.59084, -0.271859, -0.010194
0.410302, -1.16135, -12.9996, 1.60248, -0.278621, -0.016741
0.49998, -1.09243, -13.2329, 1.51066, -0.17083, -0.044269
0.648865, -0.997886, -13.4499, 1.35814, 0.011614, -0.041363
0.813708, -0.890572, -13.9198, 1.17187, 0.239251, 0.010261
1.03194, -0.795535, -14.6259, 0.965815, 0.502588, 0.04735
1.24067, -0.69962, -14.9561, 0.786337, 0.68732, 0.046526
1.40892, -0.604994, -14.7831, 0.585665, 0.764108, 0.031267
1.56153, -0.522757, -14.8389, 0.404371, 0.846565, 0.036849
1.66032, -0.484198, -14.5834, 0.213683, 0.830321, 0.079903
1.67965, -0.467208, -13.8777, 0.034732, 0.789157, 0.156213
1.73369, -0.5046, -13.584, -0.087858, 0.829378, 0.083321
1.75681, -0.551456, -13.14, -0.213558, 0.923152, -0.023454
1.72367, -0.611024, -12.6468, -0.260807, 0.949197, -0.113635
1.69859, -0.68473, -12.478, -0.180427, 1.10451, -0.147521
1.65399, -0.74008, -12.3333, -0.012561, 1.31613, -0.185306
1.60041, -0.783166, -12.2974, 0.275968, 1.5298, -0.160603
1.55564, -0.82518, -12.4978, 0.548096, 1.69748, -0.168488
1.47433, -0.812758, -12.8111, 0.74898, 1.75414, -0.169218
1.39085, -0.796581, -13.2603, 0.848427, 1.78785, -0.115253
1.28063, -0.758656, -13.6274, 0.837937, 1.70022, -0.070093
1.14804, -0.743152, -13.7386, 0.778833, 1.54447, -0.106011
1.0233, -0.742977, -13.794, 0.744142, 1.34812, -0.175125
0.918449, -0.769178, -13.9168, 0.727976, 1.14883, -0.202982
0.79917, -0.83757, -14.0467, 0.760698, 0.931559, -0.211539
0.676774, -0.909448, -13.8827, 0.840537, 0.715004, -0.226377
0.553437, -0.973532, -13.7288, 0.933351, 0.532942, -0.246467
0.447974, -1.03902, -13.8607, 1.05414, 0.416832, -0.257087
0.331954, -1.06524, -13.901, 1.1853, 0.27229, -0.22182
0.205616, -1.08254, -14.3481, 1.32725, 0.086767, -0.113788
0.075581, -1.04289, -14.8779, 1.35906, -0.156124, -0.072064
-0.053803, -0.964362, -15.4047, 1.3248, -0.407169, -0.059707
-0.196287, -0.86199, -15.7352, 1.16318, -0.629022, -0.059941
-0.334128, -0.750561, -15.9519, 0.987644, -0.822665, -0.094943
-0.488095, -0.654506, -16.4096, 0.804817, -1.02995, -0.110255
-0.618787, -0.531778, -16.4366, 0.602838, -1.19451, -0.118045
-0.771661, -0.413007, -16.534, 0.401936, -1.34118, -0.128766
-0.921414, -0.32162, -16.6682, 0.210614, -1.48287, -0.080056
-1.08467, -0.248428, -16.5971, -0.018281, -1.5518, -0.027287
-1.21216, -0.225597, -16.3586, -0.22894, -1.54678, -0.05271
-1.31701, -0.281554, -15.8255, -0.402312, -1.50892, -0.147522
-1.35984, -0.39036, -15.1303, -0.474785, -1.43988, -0.215392
-1.34799, -0.558634, -14.316, -0.40357, -1.31986, -0.295599
-1.37341, -0.715782, -13.9375, -0.260199, -1.36737, -0.351772
-1.37032, -0.841586, -13.6594, -0.162524, -1.52354, -0.304743
-1.35427, -0.938088, -13.6893, 0.007736, -1.8636, -0.105027
-1.3122, -1.02666, -14.0437, 0.283276, -2.14183, -0.009805
-1.21194, -1.06933, -14.0018, 0.428579, -2.21541, 0.032373
-1.13486, -1.12133, -14.1885, 0.528586, -2.21791, 0.040986
-1.05187, -1.17201, -14.2774, 0.501095, -2.05539, 0.044495
-0.929077, -1.18811, -13.7571, 0.352774, -1.63847, -0.023518
-0.846436, -1.22175, -13.4488, 0.329814, -1.34502, -0.069074
-0.826649, -1.24394, -13.1864, 0.332758, -1.27409, -0.037713
-0.874516, -1.26798, -13.0423, 0.579543, -1.55694, 0.026608
-0.92517, -1.32434, -13.5172, 1.13033, -1.78051, -0.00084
-0.924691, -1.31141, -14.0618, 1.37134, -1.88663, 0.001038
-0.921995, -1.25467, -14.3308, 1.45992, -1.93655, 0.026198
-0.915986, -1.18622, -14.6512, 1.44408, -1.87213, 0.036121
-0.845212, -1.11102, -14.5878, 1.31322, -1.643, 0.053238
-0.838891, -1.04482, -14.4208, 1.2353, -1.57832, -0.007952
-0.868586, -0.99825, -14.3595, 1.2245, -1.63844, -0.05359
-0.917816, -0.942329, -14.3931, 1.18206, -1.79138, -0.026649
-0.957894, -0.877855, -14.4129, 1.09533, -1.94247, 0.001512
-0.976796, -0.840525, -14.6058, 0.994393, -2.08316, 0.025072
-0.958445, -0.816065, -14.7145, 0.748575, -2.23394, 0.061169
-0.875579, -0.810785, -14.3184, 0.501381, -2.21356, 0.007026
-0.753156, -0.87418, -14.0257, 0.501344, -2.0738, -0.030219
-0.602856, -0.967351, -13.7299, 0.607471, -1.85308, -0.038673
-0.425914, -1.06435, -13.4523, 0.768002, -1.63312, -0.055543
-0.237294, -1.18757, -13.5017, 0.953798, -1.41419, -0.028785
-0.041785, -1.27944, -13.5392, 1.0927, -1.14828, 0.004784
0.147231, -1.36364, -13.5814, 1.19194, -0.920268, 0.018721
0.315893, -1.41883, -13.6515, 1.19816, -0.739712, 0.056202
0.447766, -1.452, -13.5305, 1.16631, -0.577778, 0.091733
0.54667, -1.48324, -13.4428, 1.12496, -0.469625, 0.071536
0.609302, -1.48639, -13.2054, 1.1057, -0.368402, 0.083922
0.662771, -1.49018, -13.1019, 1.22138, -0.276341, 0.110836
0.702598, -1.50618, -13.1742, 1.50774, -0.132762, 0.088089
0.728453, -1.49962, -13.2167, 1.71164, 0.028504, 0.062672
0.760552, -1.47625, -13.4753, 1.82449, 0.120805, 0.106718
0.782079, -1.44328, -13.725, 1.87355, 0.175695, 0.109791
0.795586, -1.3914, -13.9266, 1.85879, 0.217727, 0.111261
0.833125, -1.33755, -14.162, 1.79828, 0.282683, 0.146208
0.867537, -1.29247, -14.1244, 1.67918, 0.350073, 0.155822
0.881637, -1.25648, -14.0631, 1.62514, 0.387769, 0.129571
0.919157, -1.2297, -14.0377, 1.56127, 0.509589, 0.127259
0.933546, -1.20356, -13.7693, 1.49838, 0.627573, 0.092956
0.938697, -1.18485, -13.5727, 1.5787, 0.719059, 0.061826
0.92618, -1.15142, -13.5451, 1.64111, 0.697379, 0.028839
0.911359, -1.12219, -13.8675, 1.64819, 0.651937, 0.017287
0.919934, -1.07364, -14.1896, 1.58364, 0.661847, 0.036918
0.924303, -1.00369, -14.1945, 1.46372, 0.656288, 0.032771
0.948987, -0.944214, -14.4715, 1.39707, 0.706439, 0.01422
0.966989, -0.89305, -14.4762, 1.29291, 0.801575, 0.020361
0.986263, -0.855189, -14.4842, 1.17995, 0.847868, 0.050167
1.0342, -0.854816, -14.806, 0.875456, 0.977498, 0.041585
0.994674, -0.871852, -14.3295, 0.599059, 0.869936, -0.04334
0.967648, -0.909926, -13.8588, 0.58697, 0.714788, -0.076029
0.959855, -0.986205, -13.7738, 0.660508, 0.665014, -0.089488
0.956412, -1.03363, -13.6831, 0.731791, 0.624015, -0.108541
0.950809, -1.07255, -13.7478, 0.868833, 0.549377, -0.070776
0.958312, -1.10492, -14.0908, 1.35403, 0.518719, -0.015101
0.996545, -1.0964, -14.4269, 1.4594, 0.706523, -0.009013
1.00134, -1.05285, -14.5682, 1.46633, 0.803904, -0.007856
1.02221, -1.03125, -14.7737, 1.42525, 0.857918, 0.003646
1.01229, -1.00743, -14.8168, 1.38435, 0.889896, -0.020549
1.01181, -1.01707, -14.9119, 1.35883, 0.850325, -0.041791
1.02078, -1.02032, -15.1137, 1.35433, 0.935805, -0.055612
1.04526, -1.00285, -14.9214, 1.27766, 1.10774, -0.066746
1.04413, -0.987785, -14.7882, 1.2212, 1.17799, -0.035507
1.03525, -1.00033, -15.036, 1.20126, 1.20031, -0.04041
1.00952, -0.986824, -15.002, 1.14463, 1.19361, -0.044904
0.964453, -0.984042, -14.7495, 1.11594, 1.15012, -0.097318
0.9354, -1.00453, -14.9582, 1.19831, 1.10568, -0.092639
0.910524, -1.01435, -15.1916, 1.27186, 1.06695, -0.102494
0.873038, -1.00064, -15.2029, 1.27292, 1.0096, -0.078346
0.849863, -0.998771, -15.2644, 1.25393, 0.967212, -0.041374
0.829475, -1.00755, -15.4018, 1.23405, 0.921695, -0.067637
0.825863, -0.998435, -15.4872, 1.1032, 0.896209, -0.082422
0.803233, -0.997631, -15.3768, 0.976181, 0.766793, -0.086314
0.77858, -1.01705, -15.377, 0.910246, 0.617379, -0.1012
0.765281, -1.0457, -15.3587, 0.912811, 0.478411, -0.111955
0.757332, -1.06341, -15.2451, 0.95737, 0.372673, -0.094376
0.767041, -1.0933, -15.367, 1.02936, 0.311893, -0.078385
0.777611, -1.1243, -15.5821, 1.09145, 0.288278, -0.080743
0.780841, -1.1347, -15.4522, 1.19652, 0.249177, -0.054756
0.81062, -1.15941, -15.7266, 1.42822, 0.323089, -0.029632
0.842919, -1.15619, -15.8146, 1.59362, 0.523904, -0.012002
0.874932, -1.13746, -15.8576, 1.65431, 0.725389, -0.029057
0.885487, -1.10664, -16.0996, 1.66379, 0.784275, -0.039048
0.888467, -1.06261, -16.3691, 1.59741, 0.809818, -0.005643
0.888642, -1.00821, -16.4073, 1.52734, 0.774097, 0.017392
0.86963, -0.969236, -16.5645, 1.43643, 0.648919, 0.021993
0.872513, -0.955497, -16.8345, 1.31629, 0.53726, 0.024591
0.878979, -0.935107, -16.6545, 1.09933, 0.465171, 0.008538
0.900995, -0.937343, -16.713, 0.943788, 0.495965, -0.050624
0.939165, -0.953545, -16.6636, 0.868283, 0.571281, -0.073044
0.941685, -0.971901, -16.4866, 0.85284, 0.607549, -0.080316
0.960869, -1.00139, -16.5629, 0.915632, 0.594515, -0.08325
0.973771, -1.01051, -16.5845, 0.997747, 0.567635, -0.076676
0.98616, -1.02865, -16.6611, 1.07089, 0.52333, -0.011761
1.02693, -1.03616, -16.7272, 1.1504, 0.516232, -0.005994
1.08695, -1.03384, -16.7915, 1.18816, 0.533809, 0.003018
1.16779, -1.01303, -16.9073, 1.16758, 0.61358, -0.020775
1.26716, -1.00011, -16.9408, 1.07393, 0.681509, -0.037971
1.37616, -0.982126, -17.0231, 1.03735, 0.773981, 0.002062
1.48478, -0.970307, -17.1383, 0.995428, 0.876271, 0.012389
1.57902, -0.963098, -17.2757, 0.96094, 0.988412, 0.017357
1.62083, -0.937116, -17.0626, 0.896872, 1.07523, 0.031069
1.68457, -0.920645, -16.8851, 0.857229, 1.22712, 0.072862
1.70272, -0.89992, -16.571, 0.732391, 1.51179, 0.116818
1.6636, -0.892548, -16.0391, 0.715736, 1.74236, 0.066044
1.65515, -0.903077, -16.2055, 0.891746, 1.91499, -0.009922
1.58927, -0.889848, -16.0103, 0.976533, 1.92761, -0.032021
1.51226, -0.865154, -15.8645, 1.02591, 1.87983, -0.008843
1.47699, -0.855034, -16.0634, 1.07749, 1.8505, -0.006027
1.40782, -0.81771, -15.965, 1.08666, 1.76201, -0.024584
1.38627, -0.771628, -16.1539, 1.0886, 1.663, -0.013501
1.37853, -0.730318, -16.5204, 1.0416, 1.60362, -0.005752
1.35351, -0.690138, -16.588, 0.974636, 1.49382, 0.036691
1.33554, -0.671755, -16.7972, 0.866758, 1.3442, 0.053743
1.35025, -0.655148, -16.9164, 0.681452, 1.25335, 0.062406
1.359, -0.635682, -16.7024, 0.347258, 1.31032, -0.019745
1.37183, -0.681906, -16.4379, 0.270185, 1.49333, -0.056646
1.33594, -0.729561, -15.9084, 0.332015, 1.50554, -0.079643
1.28708, -0.787859, -15.5938, 0.439117, 1.46532, -0.093249
1.25057, -0.854102, -15.5889, 0.568868, 1.45857, -0.092799
1.21445, -0.895679, -15.5339, 0.66703, 1.41756, -0.097921
1.18906, -0.92747, -15.6079, 0.787563, 1.35356, -0.107724
1.16738, -0.957792, -15.8848, 1.01816, 1.22856, -0.124568
1.15873, -0.963686, -15.9854, 1.21238, 1.10715, -0.076238
1.1549, -0.954294, -16.1512, 1.25104, 1.01381, -0.031828
1.16467, -0.932185, -16.2295, 1.15345, 0.941915, -0.008935
1.15602, -0.922083, -16.0509, 1.00997, 0.851068, -0.012792
1.17829, -0.913604, -16.1078, 0.951228, 0.826046, -0.026086
1.19656, -0.904078, -15.9938, 0.882061, 0.839843, -0.042515
1.19557, -0.893418, -15.8048, 0.789116, 0.84525, -0.03232
1.20612, -0.912588, -15.9786, 0.818066, 0.864404, -0.066311
1.22867, -0.911664, -16.0834, 0.822079, 0.883254, -0.067078
1.22772, -0.904926, -15.9447, 0.791302, 0.910146, -0.069337
1.25387, -0.913557, -16.0513, 0.809004, 1.01185, -0.060084
1.26922, -0.910324, -15.9445, 0.808055, 1.1155, -0.047
1.26119, -0.917004, -15.8848, 0.95648, 1.10852, -0.016619
1.26961, -0.93088, -16.1173, 1.12304, 1.01434, -0.008819
1.25481, -0.926359, -16.1539, 1.10727, 0.95048, -0.025077
1.26538, -0.920381, -16.18, 1.00665, 0.96261, -0.003393
1.29542, -0.89853, -16.0673, 0.759928, 1.16799, -0.029171
1.30282, -0.903626, -16.0113, 0.629191, 1.39069, -0.095577
1.29635, -0.921551, -15.8769, 0.614326, 1.53428, -0.104621
1.27163, -0.952966, -15.8278, 0.721616, 1.5428, -0.098073
1.24638, -0.988515, -15.9364, 0.796775, 1.52523, -0.116692
1.20621, -1.00499, -15.8664, 0.879674, 1.46679, -0.159894
1.17799, -1.02597, -15.898, 0.9713, 1.43907, -0.161151
1.16447, -1.04942, -16.0347, 1.14356, 1.43936, -0.09936
1.1429, -1.05408, -16.0836, 1.32753, 1.36454, -0.076307
1.10886, -1.03669, -16.1216, 1.4652, 1.21987, -0.099918
1.10708, -1.00432, -16.3584, 1.49644, 1.16745, -0.068851
1.10929, -0.946733, -16.5998, 1.4527, 1.1861, -0.040353
1.13046, -0.856132, -16.9991, 1.34597, 1.20367, -0.033715
1.1385, -0.776466, -17.3397, 1.1911, 1.26044, -0.002592
1.13753, -0.676351, -17.3063, 1.02192, 1.29048, 0.010131
1.13119, -0.594332, -17.5504, 0.88708, 1.23486, 0.018752
1.13197, -0.535764, -17.6738, 0.729396, 1.14014, 0.025746
1.11282, -0.507136, -17.3122, 0.457984, 0.920835, 0.020612
1.11885, -0.514882, -17.0586, 0.18861, 0.840121, -0.028004
1.18445, -0.592128, -16.7232, 0.188538, 0.888866, -0.066704
1.24002, -0.68534, -16.093, 0.264124, 0.867003, -0.089726
1.31736, -0.795289, -15.8037, 0.348445, 0.835054, -0.140757
1.42179, -0.891937, -15.8047, 0.426198, 0.843122, -0.200093
1.49633, -0.960349, -15.5043, 0.455168, 0.746755, -0.112771
1.58839, -1.00075, -15.4221, 0.581382, 0.709689, -0.059351
1.69075, -1.00833, -15.5121, 0.72737, 0.76789, -0.03991
1.81395, -0.985312, -15.6686, 0.781898, 0.855151, -0.000198
1.88597, -0.94519, -15.6124, 0.759817, 0.880693, 0.011475
1.98535, -0.920782, -15.8186, 0.696606, 0.963993, 0.009949
2.04931, -0.900318, -15.8193, 0.605645, 0.991881, 0.010284
2.06495, -0.876875, -15.6823, 0.424244, 1.06959, -0.033293
2.13269, -0.872767, -15.4939, 0.204581, 1.47537, -0.081859
2.07077, -0.887242, -15.0328, 0.240063, 1.75369, -0.074318
2.02267, -0.922123, -14.8789, 0.431747, 1.96102, -0.067969
1.96133, -0.953792, -14.9168, 0.618146, 2.1273, -0.082081
1.83979, -0.972712, -14.7549, 0.753626, 2.18641, -0.085277
1.69928, -0.966628, -14.7361, 0.867129, 2.16669, -0.091009
1.57429, -0.99074, -15.0574, 0.996864, 2.12454, -0.098548
1.41714, -0.990626, -15.2566, 1.04106, 1.99221, -0.132676
1.23608, -1.00442, -15.2218, 1.06832, 1.74506, -0.151532
1.05319, -1.0604, -15.5169, 1.14333, 1.47357, -0.181234
0.854409, -1.12455, -15.5923, 1.21992, 1.13992, -0.206077
0.65199, -1.16705, -15.3007, 1.24374, 0.825755, -0.193406
0.490096, -1.21996, -15.1812, 1.2974, 0.585798, -0.219402
0.362148, -1.2433, -15.003, 1.37112, 0.368936, -0.222305
0.276498, -1.24932, -14.9935, 1.53156, 0.183693, -0.211118
0.17874, -1.23963, -15.3822, 1.77019, -0.142065, -0.117768
0.14842, -1.19832, -15.8519, 1.77632, -0.401815, -0.074842
0.16794, -1.13618, -16.0697, 1.6516, -0.470753, -0.059219
0.203407, -1.10514, -16.4262, 1.5317, -0.486082, -0.038037
0.234324, -1.10092, -16.5324, 1.28951, -0.486972, -0.05976
0.306145, -1.09728, -16.2524, 1.02826, -0.241749, -0.071988
0.352326, -1.17145, -15.8691, 0.959633, -0.053702, -0.105443
0.339764, -1.25426, -15.1304, 0.926202, -0.008268, -0.122179
0.314231, -1.3208, -14.4785, 0.907749, 0.005312, -0.150951
0.295563, -1.42203, -14.3343, 0.976608, -0.019153, -0.216227
0.276382, -1.47413, -14.3421, 1.15371, -0.034683, -0.248247
0.251305, -1.50541, -14.4678, 1.59529, -0.019663, -0.192205
0.214464, -1.52287, -14.8772, 1.95856, -0.096011, -0.121034
0.193648, -1.50792, -15.4134, 2.06627, -0.145782, -0.086749
0.206721, -1.45562, -15.6718, 2.02873, -0.082058, -0.092154
0.204575, -1.38454, -15.4656, 1.89173, -0.038668, -0.104714
0.167991, -1.37089, -15.6278, 1.787, -0.076877, -0.140646
0.168692, -1.33262, -15.4921, 1.49413, -0.07395, -0.140441
0.136747, -1.30961, -15.0838, 1.18619, -0.325396, -0.123635
0.108424, -1.35072, -15.0656, 1.17183, -0.542226, -0.061314
0.134581, -1.3839, -14.8098, 1.16675, -0.596434, -0.061738
0.196776, -1.41026, -14.5392, 1.22556, -0.638058, -0.036411
0.267387, -1.4584, -14.6917, 1.40566, -0.608935, -0.038437
0.338972, -1.47674, -14.7648, 1.4903, -0.539648, -0.067608
0.436516, -1.48241, -14.7844, 1.56654, -0.462531, -0.041875
0.525399, -1.48883, -15.0015, 1.64007, -0.357387, -0.022323
0.62155, -1.48869, -15.102, 1.63886, -0.238312, 0.00403
0.705371, -1.46347, -15.0968, 1.60451, -0.157037, -0.004791
0.80232, -1.5077, -15.5808, 1.57189, -0.044633, -0.022637
0.884033, -1.51501, -15.5422, 1.32726, 0.063647, -0.03958
0.924219, -1.52343, -15.1612, 1.1026, 0.139373, -0.05691
0.995874, -1.60413, -15.0807, 1.02013, 0.29133, -0.041538
1.00559, -1.61868, -14.4697, 0.920099, 0.384067, -0.065506
1.00331, -1.62068, -14.0012, 0.929399, 0.481816, -0.084558
1.01404, -1.6746, -14.1257, 1.27645, 0.746289, -0.116205
0.978864, -1.66327, -13.9341, 1.70521, 0.77165, -0.085412
0.956634, -1.66696, -14.4573, 2.02861, 0.786099, -0.04414
0.958282, -1.64152, -14.9863, 2.16818, 0.854106, -0.034204
0.906767, -1.56851, -15.1981, 2.19573, 0.870152, -0.048196
0.890867, -1.55612, -15.7785, 2.18974, 0.925112, -0.068206
0.836331, -1.48376, -15.6441, 2.02762, 0.923145, -0.05687
0.780407, -1.43748, -15.2764, 1.82355, 0.859112, -0.058727
0.758481, -1.43575, -15.2785, 1.71742, 0.776233, -0.051237
0.722195, -1.4314, -15.1767, 1.52609, 0.607288, -0.074893
0.659363, -1.42687, -15.164, 1.41566, 0.250287, -0.063795
0.662034, -1.43745, -15.149, 1.47441, 0.046435, -0.050419
0.691976, -1.47928, -15.3373, 1.54668, 0.020251, -0.026513
0.742094, -1.49265, -15.4181, 1.54055, 0.04588, -0.029897
0.785131, -1.51052, -15.4143, 1.52347, 0.050746, -0.035727
0.83358, -1.54035, -15.5632, 1.53685, 0.099273, -0.031754
0.884602, -1.56527, -15.7178, 1.55706, 0.130652, -0.012299
0.942456, -1.58545, -15.8587, 1.53352, 0.169052, -9e-06
0.971086, -1.59197, -15.6975, 1.46783, 0.195187, 0.018781
1.00456, -1.58673, -15.4583, 1.4444, 0.210072, 0.01071
1.03544, -1.60339, -15.4617, 1.59559, 0.206194, 0.016068
1.07456, -1.61363, -15.6195, 1.80444, 0.32829, 0.046782
1.11865, -1.61891, -15.7378, 2.00649, 0.539688, 0.054496
1.15214, -1.62145, -16.1622, 2.14556, 0.800547, 0.069857
1.21738, -1.62921, -16.7375, 2.15924, 1.12515, 0.033
1.20575, -1.60954, -16.7904, 1.94697, 1.30572, -0.025753
1.14975, -1.6061, -16.5907, 1.81586, 1.32192, -0.081333
1.06889, -1.65769, -16.8245, 1.83466, 1.30362, -0.113627
0.961205, -1.70448, -16.8286, 1.8113, 1.20161, -0.145897
0.81495, -1.73261, -16.619, 1.82624, 1.07119, -0.170932
0.675181, -1.77881, -16.6019, 1.91433, 0.923812, -0.179563
