Fx [N], Fy [N], Fz [N], Mx [Nm], My [Nm], Mz [Nm]
0.359163, -0.146855, -1.90129, -0.204828, -0.057855, -0.072576
0.316547, -0.150024, -1.97968, -0.294386, -0.143236, -0.065051
0.32524, -0.14037, -1.99943, -0.262694, -0.237137, -0.05744
0.314243, -0.144739, -1.95716, -0.2483, -0.251783, -0.063017
0.326043, -0.16354, -2.15443, -0.232985, -0.24093, -0.065831
0.325648, -0.162045, -2.24274, -0.211834, -0.273065, -0.059392
0.332808, -0.177425, -2.42996, -0.206157, -0.28254, -0.062645
0.329626, -0.192225, -2.52243, -0.208769, -0.274575, -0.058921
0.336071, -0.194848, -2.67944, -0.178493, -0.260662, -0.061531
0.343762, -0.20225, -2.79791, -0.14362, -0.256688, -0.053999
0.347602, -0.205842, -2.77197, -0.16834, -0.240162, -0.058743
0.366974, -0.211034, -2.83222, -0.15562, -0.229126, -0.052419
0.369421, -0.215857, -2.94697, -0.155959, -0.217451, -0.052121
0.374182, -0.225642, -3.07997, -0.149648, -0.198706, -0.058205
0.389038, -0.237478, -3.18467, -0.140074, -0.195493, -0.060588
0.407609, -0.2575, -3.3778, -0.123294, -0.186568, -0.057761
0.436577, -0.25374, -3.432, -0.138726, -0.227859, -0.047278
0.371993, -0.260084, -3.8609, -0.115055, -0.213198, -0.06289
0.367587, -0.351223, -4.07941, 0.040012, -0.213223, -0.065373
0.392626, -0.31048, -4.36787, -0.017302, -0.115137, -0.062679
0.408867, -0.339545, -4.74213, 0.036109, -0.079797, -0.06344
0.412541, -0.37956, -4.96733, 0.091901, -0.014137, -0.062826
0.413639, -0.388205, -5.31361, 0.116877, 0.060562, -0.063354
0.406276, -0.403038, -5.6699, 0.164291, 0.082965, -0.070846
0.381118, -0.43899, -6.18251, 0.302563, 0.012998, -0.07476
0.352503, -0.471633, -6.82995, 0.417103, -0.053076, -0.072514
0.328563, -0.481147, -7.30495, 0.455989, -0.047001, -0.077426
0.341097, -0.490678, -7.67977, 0.43878, 0.001392, -0.086711
0.336807, -0.499767, -7.94942, 0.353905, 0.04401, -0.067366
0.318415, -0.509896, -8.08076, 0.260074, 0.045007, -0.077101
0.2846, -0.533356, -8.3163, 0.215105, -0.003342, -0.081773
0.25083, -0.58083, -8.70862, 0.213203, -0.065614, -0.08786
0.205434, -0.623057, -9.02815, 0.246465, -0.146721, -0.087816
0.152733, -0.661624, -9.29927, 0.309294, -0.272216, -0.092041
0.122369, -0.700878, -9.72711, 0.407278, -0.438904, -0.088781
0.114037, -0.746047, -10.2428, 0.58621, -0.608819, -0.067209
0.120327, -0.767357, -10.6889, 0.677891, -0.643478, -0.051151
0.142853, -0.795952, -11.1153, 0.758664, -0.631879, -0.048981
0.162554, -0.827427, -11.5484, 0.883932, -0.610946, -0.07859
0.198804, -0.838364, -12.142, 0.965537, -0.582911, -0.07722
0.231303, -0.85774, -12.3839, 0.892705, -0.544726, -0.07282
0.249909, -0.847763, -12.4421, 0.798292, -0.499486, -0.043072
0.295129, -0.875841, -12.549, 0.769221, -0.41419, -0.041684
0.29988, -0.902808, -12.6252, 0.774229, -0.404505, -0.035357
0.330421, -0.933442, -12.728, 0.792504, -0.381922, -0.041461
0.368322, -0.965382, -12.8375, 0.805273, -0.339113, -0.07633
0.40181, -0.991534, -12.8053, 0.814425, -0.312491, -0.076149
0.454111, -1.03987, -12.9497, 0.908054, -0.295597, -0.069323
0.525553, -1.10257, -13.4243, 1.03923, -0.25872, -0.069933
0.609691, -1.15501, -13.9897, 1.18855, -0.140733, -0.070462
0.697864, -1.15128, -14.1585, 1.29004, -0.012257, -0.05212
0.787541, -1.12395, -14.3454, 1.34559, 0.134663, -0.020818
0.890082, -1.07525, -14.5834, 1.38109, 0.292188, -0.010078
0.967043, -1.01191, -14.6187, 1.33795, 0.481169, -0.015142
1.04664, -0.949076, -14.8232, 1.29875, 0.701743, -0.018456
1.11993, -0.858628, -15.0964, 1.21568, 0.910509, -0.027204
1.14787, -0.763444, -14.9527, 1.06852, 0.995734, -0.030308
1.16857, -0.676056, -15.1971, 0.956046, 1.06516, -0.019316
1.20339, -0.607669, -15.4481, 0.84305, 1.17582, -0.034072
1.20696, -0.544917, -15.4349, 0.687791, 1.28929, -0.028863
1.18141, -0.518118, -15.4212, 0.509309, 1.40866, -0.092566
1.12035, -0.538527, -15.4219, 0.359588, 1.36772, -0.112605
1.02187, -0.601921, -15.2843, 0.410621, 1.23966, -0.124606
0.878805, -0.683245, -14.8518, 0.535302, 1.00635, -0.123353
0.716089, -0.785778, -14.7995, 0.697845, 0.781996, -0.121013
0.522707, -0.875046, -14.6444, 0.835993, 0.508038, -0.115388
0.325447, -0.961051, -14.6893, 0.936481, 0.225474, -0.131134
0.129716, -1.03741, -15.1187, 1.01567, -0.009199, -0.139571
-0.053659, -1.07847, -15.3732, 1.05684, -0.228513, -0.139767
-0.201311, -1.08342, -15.3244, 1.02539, -0.406488, -0.146916
-0.32647, -1.10531, -15.4851, 0.984572, -0.551053, -0.153484
-0.456208, -1.13068, -15.6094, 0.94236, -0.661966, -0.15691
-0.543577, -1.1456, -15.5045, 0.929323, -0.736071, -0.162238
-0.608879, -1.14769, -15.4315, 0.951401, -0.811778, -0.156343
-0.732441, -1.15954, -15.5754, 1.04362, -1.0314, -0.160443
-0.792754, -1.15651, -15.7113, 1.12715, -1.1871, -0.064254
-0.806684, -1.12754, -15.5544, 1.17392, -1.26154, -0.078517
-0.838197, -1.09074, -15.5106, 1.22937, -1.40334, -0.116818
-0.882794, -1.06202, -15.7697, 1.23735, -1.54284, -0.101823
-0.882961, -1.02689, -15.6782, 1.19713, -1.57749, -0.136296
-0.863729, -0.988558, -15.4624, 1.15806, -1.6119, -0.108159
-0.897495, -0.971661, -15.8151, 1.16661, -1.71477, -0.134813
-0.903302, -0.956003, -15.906, 1.14199, -1.82241, -0.145319
-0.867162, -0.913773, -15.5253, 1.01054, -1.89123, -0.111457
-0.834491, -0.90415, -15.5157, 0.85584, -2.04274, -0.02649
-0.740273, -0.920465, -15.3814, 0.730291, -1.9831, -0.017677
-0.591339, -0.972996, -14.9269, 0.714288, -1.82467, -0.015319
-0.417965, -1.06837, -14.8515, 0.799716, -1.5923, -0.057681
-0.224273, -1.18094, -14.5419, 0.911022, -1.30636, -0.069319
-0.010832, -1.3015, -14.403, 1.03803, -1.02709, -0.068985
0.171215, -1.43762, -14.4222, 1.11258, -0.773095, -0.025245
0.296479, -1.48445, -14.2153, 1.17758, -0.625412, -0.037851
0.413331, -1.54075, -14.396, 1.32926, -0.441599, -0.025137
0.480151, -1.54375, -14.3522, 1.47463, -0.191035, -0.043253
0.493461, -1.54573, -14.2141, 1.70986, 0.208223, -0.083058
0.44639, -1.53892, -14.5907, 1.78517, 0.242561, -0.106383
0.386101, -1.51754, -14.6612, 1.77002, 0.195041, -0.110532
0.311658, -1.51398, -14.908, 1.85392, -0.024252, -0.113361
0.269325, -1.51804, -14.9142, 1.85305, -0.456588, -0.067793
0.337922, -1.48359, -14.8359, 1.70227, -0.546449, -0.047419
0.476215, -1.43439, -14.5246, 1.62313, -0.465395, -0.033573
0.655117, -1.37547, -14.3423, 1.56084, -0.25579, -0.013622
0.892758, -1.32667, -14.5995, 1.50673, 0.014673, -0.012408
1.1421, -1.22426, -14.6296, 1.38452, 0.237968, -0.008644
1.41253, -1.09989, -14.8148, 1.23518, 0.462109, 0.003871
1.70532, -0.965194, -15.3546, 1.05267, 0.712027, 0.016509
1.91748, -0.804979, -15.3468, 0.845095, 0.803663, 0.019265
2.10126, -0.68547, -15.5119, 0.655218, 0.890459, 0.014652
2.2078, -0.600097, -15.2941, 0.488995, 0.881022, -0.000814
2.17692, -0.541681, -14.3507, 0.316187, 0.806857, -0.003034
2.19259, -0.516321, -13.9093, 0.163886, 0.940172, -0.030797
2.15053, -0.495848, -13.376, 0.007353, 1.42728, -0.066252
2.05254, -0.496149, -12.8299, 0.142754, 1.65859, -0.061877
1.97741, -0.489934, -12.6197, 0.318646, 1.80083, -0.053739
1.91477, -0.455085, -12.635, 0.413525, 1.93128, -0.028417
1.79973, -0.388475, -12.3348, 0.425291, 1.92038, -0.020092
1.72112, -0.284442, -12.3551, 0.382077, 1.87339, -0.015048
1.7092, -0.17371, -12.8493, 0.228858, 1.92934, -0.009684
1.6519, -0.046708, -12.9526, 0.062911, 1.88261, 0.004875
1.61702, 0.048812, -13.2234, -0.098774, 1.8497, -0.003305
1.64112, 0.144422, -13.7904, -0.297387, 1.92888, 0.003562
1.59334, 0.179507, -13.6671, -0.544138, 2.01847, -0.017928
1.49084, 0.176865, -13.259, -0.724204, 1.95968, -0.029031
1.40308, 0.137436, -13.1302, -0.806318, 1.86667, -0.044826
1.24835, 0.051585, -12.5451, -0.74263, 1.66437, -0.049309
1.10397, -0.05137, -12.0929, -0.612311, 1.4151, -0.073612
0.955832, -0.181553, -11.9242, -0.417632, 1.18635, -0.096056
0.832686, -0.319181, -11.8679, -0.220808, 0.945349, -0.102373
0.730912, -0.455504, -11.7811, -0.017172, 0.721452, -0.094949
0.640021, -0.571243, -11.4914, 0.141441, 0.527055, -0.091148
0.599704, -0.673122, -11.611, 0.28583, 0.408324, -0.093239
0.554456, -0.7311, -11.8514, 0.384908, 0.279628, -0.085487
0.522972, -0.780945, -12.1662, 0.491847, 0.14986, -0.071235
0.522961, -0.818651, -12.4818, 0.638063, 0.221756, -0.076568
0.536334, -0.826333, -12.4671, 0.881544, 0.407495, -0.07594
0.562319, -0.823821, -12.7752, 0.92941, 0.495889, -0.075322
0.5508, -0.827194, -12.8784, 0.850099, 0.502355, -0.088347
0.500077, -0.811483, -12.6512, 0.788887, 0.439037, -0.098672
0.453966, -0.844503, -12.9668, 0.84729, 0.39874, -0.101439
0.396417, -0.840338, -12.9303, 0.869733, 0.331207, -0.106867
0.339285, -0.827666, -12.8873, 0.898564, 0.235517, -0.088875
0.277371, -0.828423, -13.1584, 0.941069, 0.133004, -0.083658
0.205258, -0.81188, -13.3554, 0.925962, 0.001419, -0.083578
0.161979, -0.775672, -13.1219, 0.897266, -0.089912, -0.086914
0.100539, -0.741173, -12.9532, 0.852223, -0.189087, -0.104396
0.031883, -0.726222, -13.4761, 0.863119, -0.288299, -0.097036
-0.042865, -0.689098, -13.6595, 0.773346, -0.381141, -0.096064
-0.113049, -0.639783, -13.3839, 0.683334, -0.460207, -0.097173
-0.219822, -0.607917, -13.7844, 0.642097, -0.614914, -0.103973
-0.333168, -0.579207, -14.255, 0.52848, -0.743369, -0.082806
-0.427007, -0.5287, -13.9693, 0.364387, -0.786074, -0.069626
-0.507369, -0.512541, -13.6856, 0.270232, -0.852641, -0.071203
-0.579951, -0.512952, -13.7485, 0.144123, -0.969884, -0.090038
-0.67074, -0.525774, -13.623, -0.016931, -1.30444, -0.072975
-0.677263, -0.559766, -13.4849, 0.033239, -1.63962, -0.061862
-0.603761, -0.61269, -13.4135, 0.199739, -1.75952, -0.057362
-0.475028, -0.645424, -13.1795, 0.367553, -1.74589, -0.052568
-0.306453, -0.697955, -13.4812, 0.530366, -1.56646, -0.042177
-0.083454, -0.720529, -13.4416, 0.621706, -1.23364, -0.040417
0.161101, -0.73254, -12.9879, 0.670106, -0.850045, -0.044658
0.406203, -0.75067, -12.9508, 0.698679, -0.467371, -0.04362
0.625959, -0.768764, -12.9218, 0.682319, -0.122439, -0.044599
0.822331, -0.756198, -12.7158, 0.622226, 0.084008, -0.053912
0.99765, -0.762834, -12.616, 0.541917, 0.22171, -0.044507
1.15414, -0.758573, -12.7718, 0.499065, 0.312028, -0.04567
1.26524, -0.748356, -12.7161, 0.433641, 0.367161, -0.04538
1.32984, -0.739097, -12.4871, 0.40418, 0.428909, -0.046691
1.37525, -0.736706, -12.171, 0.491545, 0.596815, -0.043537
1.43126, -0.73319, -12.0203, 0.673053, 1.09384, -0.04211
1.38836, -0.696535, -11.9347, 0.62176, 1.35627, -0.053612
1.33179, -0.660847, -11.9731, 0.641144, 1.49057, -0.055407
1.24347, -0.630573, -11.9432, 0.638443, 1.50421, -0.069811
1.15713, -0.599686, -12.1061, 0.646945, 1.42744, -0.075084
1.08496, -0.561295, -12.4161, 0.621603, 1.34999, -0.077571
1.01004, -0.512464, -12.4787, 0.537729, 1.26386, -0.079735
0.935071, -0.475462, -12.4965, 0.503184, 1.13301, -0.069162
0.8961, -0.44151, -12.5627, 0.484067, 1.00107, -0.064618
0.863679, -0.39527, -12.5545, 0.463857, 0.82421, -0.063289
0.8244, -0.362042, -12.8077, 0.395893, 0.650427, -0.041516
0.825908, -0.343948, -13.0917, 0.31914, 0.560422, -0.038502
0.835677, -0.325081, -12.9537, 0.153997, 0.538416, -0.050438
0.864656, -0.311708, -12.7022, -0.133193, 0.719891, -0.075781
0.875024, -0.343124, -12.5977, -0.14838, 0.852093, -0.079405
0.839437, -0.39687, -12.1788, -0.08978, 0.807243, -0.09821
0.789865, -0.460637, -11.9741, 0.005306, 0.718366, -0.081274
0.75498, -0.532254, -11.9192, 0.116438, 0.70142, -0.093232
0.718952, -0.578877, -11.7917, 0.228355, 0.671835, -0.09881
0.689186, -0.620539, -11.8009, 0.355933, 0.650612, -0.095063
0.658806, -0.642888, -11.8824, 0.497333, 0.653288, -0.082462
0.643444, -0.668235, -12.0601, 0.705218, 0.602094, -0.064131
0.587401, -0.659884, -12.3353, 0.820498, 0.404251, -0.073961
0.580739, -0.649648, -12.7399, 0.829393, 0.338999, -0.073432
0.577702, -0.642434, -12.8974, 0.780013, 0.376966, -0.084719
0.585446, -0.628794, -13.0146, 0.712892, 0.481684, -0.081405
0.608912, -0.629092, -13.2978, 0.532725, 0.585849, -0.099875
0.600407, -0.639926, -13.2415, 0.374317, 0.486004, -0.086671
0.579812, -0.665863, -13.1125, 0.358087, 0.372046, -0.094951
0.559359, -0.70923, -13.0032, 0.40224, 0.33506, -0.088613
0.549426, -0.738764, -12.9623, 0.461704, 0.290424, -0.080193
0.550459, -0.755871, -13.0946, 0.556257, 0.295333, -0.07656
0.528891, -0.766288, -13.0891, 0.806171, 0.141231, -0.06883
0.490503, -0.779085, -13.3613, 1.01377, -0.026308, -0.05026
0.509152, -0.772723, -13.7966, 1.01997, 0.062503, -0.059104
0.518578, -0.73499, -13.65, 1.01076, 0.176805, -0.05697
0.535488, -0.6927, -13.695, 0.968706, 0.27167, -0.064995
0.570549, -0.646031, -14.3239, 0.936116, 0.372486, -0.071179
0.5682, -0.596451, -14.3406, 0.81122, 0.402521, -0.065427
0.526998, -0.531085, -14.3512, 0.69302, 0.375637, -0.065186
0.500286, -0.500507, -15.1003, 0.606441, 0.337794, -0.059147
0.456805, -0.469363, -15.1332, 0.430548, 0.331759, -0.061201
0.390619, -0.454761, -14.7893, 0.330661, 0.273776, -0.068105
0.341699, -0.475363, -15.059, 0.308113, 0.176214, -0.080691
0.291861, -0.48753, -14.9037, 0.274482, 0.074396, -0.076613
0.254876, -0.487646, -14.5668, 0.283193, -0.05116, -0.062984
0.224379, -0.516809, -14.8821, 0.454997, -0.205853, -0.079209
0.162858, -0.520655, -15.2816, 0.607758, -0.511689, -0.083274
0.173689, -0.497019, -15.4972, 0.4968, -0.619996, -0.073522
0.211926, -0.485777, -15.6064, 0.388354, -0.610217, -0.072524
0.27527, -0.49278, -15.768, 0.370947, -0.537892, -0.07894
0.333976, -0.501721, -15.8205, 0.286613, -0.436345, -0.059208
0.395706, -0.538436, -15.9438, 0.193277, -0.261105, -0.054105
0.434327, -0.626199, -15.4688, 0.246782, -0.140837, -0.070621
0.478252, -0.718864, -15.1041, 0.38452, -0.064349, -0.085441
0.516827, -0.824008, -14.8699, 0.51389, 0.006881, -0.090079
0.524441, -0.895448, -14.4323, 0.6106, 0.016718, -0.087158
0.560138, -0.93879, -14.5136, 0.821893, -0.003878, -0.06983
0.583908, -0.955581, -14.82, 1.20646, 0.058282, -0.060512
0.606752, -0.931715, -15.0858, 1.33368, 0.249817, -0.060832
0.625578, -0.864916, -15.3444, 1.25034, 0.401197, -0.059072
0.654907, -0.794419, -15.5709, 1.13637, 0.534024, -0.057922
0.637724, -0.7505, -15.7992, 1.0363, 0.533402, -0.070703
0.600766, -0.722363, -15.7695, 0.916121, 0.530402, -0.072724
0.576378, -0.703108, -15.7052, 0.807266, 0.491104, -0.064205
0.545451, -0.691549, -15.7815, 0.806906, 0.441662, -0.060397
0.526631, -0.688319, -15.7595, 0.818284, 0.384597, -0.072686
0.518405, -0.681627, -15.5556, 0.86571, 0.340726, -0.061554
0.512688, -0.677845, -15.6779, 0.947544, 0.211208, -0.058605
0.516215, -0.662277, -15.8046, 0.936298, 0.162554, -0.053913
0.512829, -0.616963, -15.815, 0.871221, 0.165482, -0.048303
0.530029, -0.582251, -16.0368, 0.813624, 0.191996, -0.044888
0.522458, -0.543965, -16.3454, 0.737872, 0.224379, -0.048273
0.529672, -0.525258, -16.3343, 0.66647, 0.247903, -0.072057
0.517121, -0.506616, -16.3083, 0.593581, 0.303251, -0.059239
0.516088, -0.499456, -16.4058, 0.486989, 0.383307, -0.073445
0.478853, -0.495811, -16.2371, 0.371329, 0.399955, -0.077651
0.444287, -0.517411, -16.201, 0.31862, 0.326206, -0.088077
0.418734, -0.530239, -16.1805, 0.315631, 0.258462, -0.079706
0.374392, -0.557326, -15.9242, 0.412319, 0.214193, -0.083372
0.349213, -0.547786, -16.0626, 0.593911, 0.15971, -0.095584
0.320395, -0.535442, -16.4355, 0.700878, 0.017875, -0.058965
0.281549, -0.488689, -16.6648, 0.666975, -0.133073, -0.051618
0.263914, -0.433136, -16.957, 0.579265, -0.174191, -0.044737
0.24947, -0.386883, -17.1248, 0.445939, -0.220066, -0.048018
0.212114, -0.361618, -17.3524, 0.383315, -0.336799, -0.050376
0.190561, -0.345417, -17.1418, 0.213465, -0.47058, -0.06526
0.19039, -0.351258, -17.0001, -0.05947, -0.505376, -0.079124
0.20332, -0.40041, -17.0707, -0.07915, -0.435741, -0.08515
0.231765, -0.462674, -16.7019, -0.001718, -0.335636, -0.081141
0.236171, -0.541157, -16.1999, 0.112464, -0.315303, -0.082722
0.229616, -0.618762, -16.1386, 0.240258, -0.373389, -0.085736
0.227819, -0.678291, -15.9609, 0.342502, -0.397008, -0.091647
0.23818, -0.714994, -15.8188, 0.473548, -0.466453, -0.071321
0.2666, -0.751664, -16.1123, 0.648929, -0.48615, -0.084848
0.300686, -0.759018, -16.2862, 0.82022, -0.489298, -0.059651
0.338526, -0.750874, -16.6164, 0.902404, -0.396123, -0.059457
0.391422, -0.729248, -16.7497, 0.858011, -0.338307, -0.054483
0.439132, -0.701238, -16.5853, 0.753305, -0.293518, -0.054737
0.488163, -0.69172, -16.7025, 0.684943, -0.21248, -0.047507
0.540314, -0.701502, -16.6349, 0.580026, -0.112598, -0.057513
0.573962, -0.720278, -16.3415, 0.517728, -0.010478, -0.058573
0.599128, -0.756362, -16.2671, 0.511113, 0.095223, -0.058239
0.631539, -0.787775, -15.992, 0.513723, 0.202355, -0.086527
0.619107, -0.82474, -15.7378, 0.588475, 0.191806, -0.083655
0.644254, -0.844314, -16.0131, 0.767757, 0.2283, -0.087949
0.66806, -0.844564, -15.9414, 1.08326, 0.379348, -0.071788
0.656143, -0.827369, -16.1199, 1.18556, 0.352853, -0.059044
0.65225, -0.795644, -16.5308, 1.10627, 0.337047, -0.051395
0.627449, -0.750643, -16.3603, 1.05817, 0.313373, -0.066397
0.639318, -0.718182, -16.5339, 1.02266, 0.326344, -0.072709
0.661993, -0.698513, -16.786, 0.962193, 0.414136, -0.069645
0.705543, -0.659853, -16.6846, 0.885733, 0.616373, -0.084788
0.708031, -0.635959, -16.8486, 0.777826, 0.718389, -0.09159
0.666985, -0.631672, -17.0783, 0.707621, 0.708147, -0.096618
0.623311, -0.617418, -16.8065, 0.661571, 0.631939, -0.094008
0.572326, -0.594315, -16.7841, 0.669935, 0.52652, -0.094804
0.535494, -0.568325, -16.8819, 0.690417, 0.419047, -0.069828
0.498613, -0.530174, -16.3804, 0.667515, 0.30154, -0.061933
0.487808, -0.497473, -16.4183, 0.665156, 0.176936, -0.053122
0.451748, -0.495151, -16.7465, 0.597968, -0.035053, -0.06129
0.427698, -0.463899, -16.4591, 0.47221, -0.234552, -0.072727
0.476885, -0.470167, -16.6427, 0.405134, -0.247399, -0.077777
0.541473, -0.452492, -16.9533, 0.374142, -0.145072, -0.074716
0.615113, -0.450995, -16.7121, 0.292572, -0.044009, -0.064986
0.71008, -0.467306, -16.7751, 0.251471, 0.102235, -0.063269
0.828363, -0.507882, -16.8907, 0.209173, 0.276606, -0.071968
0.907174, -0.57057, -16.4261, 0.206864, 0.415029, -0.085755
0.991484, -0.654974, -16.1461, 0.287404, 0.511995, -0.090337
1.09834, -0.749395, -16.2625, 0.391302, 0.61583, -0.086689
1.13984, -0.809866, -15.6039, 0.421488, 0.640345, -0.083089
1.17981, -0.844293, -15.2289, 0.507206, 0.60755, -0.077724
1.24432, -0.873052, -15.3326, 0.653539, 0.690028, -0.05339
1.24292, -0.845829, -14.8607, 0.85554, 0.694082, -0.044594
1.31691, -0.808507, -15.2533, 0.952729, 0.849692, -0.033321
1.40631, -0.768746, -15.7596, 0.926629, 1.05666, -0.036819
1.40061, -0.719398, -15.533, 0.838902, 1.12071, -0.047117
1.43306, -0.705337, -15.5543, 0.686486, 1.23262, -0.058216
1.43882, -0.688685, -15.3271, 0.351272, 1.40958, -0.08783
1.40467, -0.722403, -15.0154, 0.304807, 1.438, -0.105253
1.39534, -0.757046, -14.8823, 0.362095, 1.51368, -0.105988
1.33767, -0.80158, -14.6826, 0.402655, 1.49397, -0.112762
1.26417, -0.825263, -14.3175, 0.502289, 1.46282, -0.115899
1.20345, -0.852371, -14.1147, 0.716383, 1.4623, -0.098953
1.18277, -0.868177, -14.4071, 0.986129, 1.42599, -0.087405
1.15023, -0.838705, -14.5934, 1.10878, 1.34324, -0.070935
1.12651, -0.796255, -14.9235, 1.10419, 1.2517, -0.068739
1.11664, -0.740313, -15.3686, 1.05503, 1.20924, -0.06177
1.10629, -0.69373, -15.4737, 0.963049, 1.13982, -0.060984
1.10436, -0.668572, -15.3975, 0.865418, 1.11313, -0.053498
1.11065, -0.654525, -15.4064, 0.677247, 1.15068, -0.057485
1.1185, -0.64841, -15.2579, 0.325143, 1.23671, -0.096256
1.09245, -0.686979, -14.9737, 0.333203, 1.19704, -0.096079
1.05824, -0.743055, -14.9371, 0.422031, 1.21497, -0.108922
1.00449, -0.789755, -14.6402, 0.555556, 1.21241, -0.106838
0.949152, -0.821239, -14.5888, 0.753264, 1.20265, -0.108058
0.881383, -0.853254, -14.9317, 0.948073, 1.15573, -0.099425
0.789163, -0.843579, -15.0355, 0.987832, 0.992508, -0.085633
0.673976, -0.820128, -15.2544, 0.98672, 0.82101, -0.084857
0.531191, -0.788824, -15.125, 0.915452, 0.606053, -0.077431
0.393363, -0.772023, -15.499, 0.8795, 0.370464, -0.084511
0.247653, -0.755836, -15.6113, 0.807402, 0.131528, -0.086184
0.092836, -0.733957, -15.257, 0.730154, -0.080327, -0.104402
-0.030212, -0.742966, -15.4296, 0.734338, -0.277625, -0.11062
-0.137274, -0.711843, -15.2857, 0.721345, -0.436174, -0.089886
-0.230267, -0.677092, -15.2795, 0.684078, -0.601917, -0.091616
-0.318907, -0.652937, -15.4022, 0.632179, -0.715784, -0.093971
-0.387531, -0.628646, -15.4608, 0.531656, -0.798905, -0.098843
-0.435312, -0.62232, -15.4693, 0.36223, -0.881252, -0.101738
-0.47206, -0.632326, -15.119, 0.212602, -1.07109, -0.09433
-0.518658, -0.680186, -15.0414, 0.145288, -1.31884, -0.071701
