Fx [N], Fy [N], Fz [N], Mx [Nm], My [Nm], Mz [Nm]
0.108695, -0.128101, -1.81252, 0.185458, 0.416711, 0.048452
0.068246, -0.15897, -2.1186, 0.260619, 0.295823, 0.014941
0.039635, -0.153387, -2.33569, 0.307379, 0.220121, 0.01418
-0.015771, -0.171598, -2.65327, 0.341161, 0.149622, 0.015279
-0.073917, -0.186374, -3.14205, 0.390106, 0.07894, 0.011052
-0.141962, -0.193674, -3.61869, 0.383497, 0.012747, 0.018651
-0.195844, -0.191873, -4.02336, 0.378615, -0.033456, 0.009522
-0.254897, -0.195009, -4.44201, 0.392108, -0.099306, -0.000776
-0.311715, -0.207747, -4.89529, 0.412197, -0.206509, -0.033771
-0.378243, -0.210102, -5.27602, 0.394309, -0.290118, -0.055066
-0.403443, -0.220124, -5.49613, 0.41282, -0.302429, -0.091711
-0.463352, -0.236347, -5.94177, 0.458799, -0.429199, -0.148597
-0.606283, -0.250322, -6.96199, 0.498456, -0.727754, -0.175079
-0.742383, -0.207391, -8.01387, 0.402752, -1.03228, -0.060477
-0.799684, -0.187358, -8.38906, 0.372723, -1.02349, 0.080986
-0.821605, -0.196081, -8.71252, 0.469618, -0.928708, 0.096016
-0.861231, -0.221455, -9.03793, 0.513317, -0.827434, 0.117483
-0.887647, -0.210627, -9.12263, 0.521703, -0.689456, 0.033012
-0.941126, -0.207117, -9.39007, 0.529251, -0.675197, -0.129609
-1.03983, -0.195364, -9.89198, 0.514484, -0.782408, -0.170929
-1.12736, -0.165783, -10.4173, 0.406962, -1.01378, -0.168585
-1.19539, -0.137766, -10.6055, 0.161256, -1.22784, -0.106565
-1.24966, -0.120916, -10.8793, 0.033319, -1.45278, 0.067982
-1.30921, -0.09404, -11.2428, -0.128784, -1.61832, 0.116937
-1.34655, -0.072197, -11.5284, -0.204573, -1.70421, 0.132789
-1.37907, -0.109952, -11.7875, -0.192278, -1.68147, 0.1498
-1.40695, -0.142903, -12.0749, -0.102226, -1.59121, 0.149831
-1.43265, -0.162226, -12.2267, 0.042839, -1.41786, 0.185482
-1.455, -0.194055, -12.2548, 0.170408, -1.30065, 0.167897
-1.51293, -0.217318, -12.484, 0.263919, -1.24022, 0.071049
-1.60248, -0.226141, -12.7918, 0.259966, -1.23547, -0.01516
-1.6664, -0.220376, -12.9637, 0.177608, -1.28523, -0.046036
-1.7549, -0.2009, -13.191, -0.009744, -1.50345, -0.03073
-1.81344, -0.1714, -13.3237, -0.19091, -1.82525, 0.06617
-1.90472, -0.165365, -13.6513, -0.300133, -2.17128, 0.160352
-1.92472, -0.152208, -13.8692, -0.366833, -2.27359, 0.227719
-1.92244, -0.15939, -13.8844, -0.388734, -2.30325, 0.26423
-1.91249, -0.193351, -13.9303, -0.281865, -2.30406, 0.263105
-1.88249, -0.235493, -13.781, -0.142519, -2.19458, 0.256294
-1.81798, -0.268353, -13.4954, 0.037209, -1.94235, 0.319412
-1.78202, -0.282821, -13.3337, 0.12335, -1.80111, 0.345736
-1.79344, -0.286827, -13.3857, 0.153879, -1.67143, 0.274762
-1.82512, -0.277944, -13.5603, 0.138313, -1.58289, 0.135418
-1.88719, -0.262808, -13.7919, 0.122108, -1.61113, 0.045143
-1.98575, -0.249896, -14.1829, 0.124152, -1.72059, 0.007907
-2.04204, -0.231659, -14.4384, 0.11842, -1.77779, 0.01008
-2.09434, -0.223742, -14.6373, 0.16278, -1.81325, 0.097136
-2.15941, -0.221548, -14.9212, 0.179385, -1.9089, 0.163692
-2.19665, -0.198333, -15.0973, 0.095389, -1.88249, 0.137946
-2.24551, -0.18973, -15.237, 0.048311, -1.90167, 0.106752
-2.2907, -0.170617, -15.4396, -0.030546, -1.93556, 0.146687
-2.31036, -0.170748, -15.4412, -0.080278, -1.94446, 0.168313
-2.34068, -0.186462, -15.4718, -0.082271, -1.96075, 0.144616
-2.38291, -0.183139, -15.6768, -0.107078, -2.0259, 0.151402
-2.4438, -0.15611, -15.9128, -0.177246, -2.11559, 0.051375
-2.47613, -0.174174, -16.0346, -0.040899, -2.22909, -0.026899
-2.53457, -0.178961, -16.1962, 0.178141, -2.5869, -0.032878
-2.62907, -0.165693, -16.5682, 0.26942, -3.01569, 0.101439
-2.68091, -0.147532, -16.853, 0.226546, -3.29595, 0.133297
-2.71399, -0.124668, -17.0874, 0.17857, -3.50806, 0.175576
-2.78301, -0.113773, -17.4529, 0.045582, -3.80549, 0.207507
-2.80434, -0.072351, -17.7976, -0.179515, -3.94253, 0.302842
-2.79631, -0.044276, -17.9304, -0.377269, -3.95403, 0.342322
-2.80365, -0.051489, -18.0544, -0.32576, -3.99413, 0.364812
-2.83294, -0.068213, -18.4151, -0.239481, -4.00451, 0.417948
-2.80012, -0.061935, -18.3938, -0.230303, -3.69801, 0.491018
-2.7622, -0.086549, -18.2448, -0.084996, -3.43632, 0.402691
-2.74423, -0.133616, -18.2184, 0.171152, -3.35179, 0.283571
-2.75837, -0.108007, -18.2541, 0.229792, -3.36139, 0.302212
-2.76892, -0.07988, -18.1976, 0.312337, -3.48684, 0.20173
-2.85478, -0.035776, -18.6704, 0.36766, -3.78051, 0.269576
-2.94111, 0.056072, -19.2874, 0.232983, -3.90436, 0.421672
-2.94884, 0.099314, -19.2874, 0.171726, -3.86247, 0.438067
-2.99335, 0.104955, -19.6492, 0.291955, -3.99808, 0.346175
-3.07633, 0.134863, -20.1841, 0.239464, -4.18158, 0.364329
-3.00568, 0.14623, -19.9408, 0.050574, -4.04902, 0.398806
-2.94795, 0.158748, -19.6469, -0.201783, -4.22141, 0.353264
-3.01238, 0.170694, -20.0685, -0.407985, -4.64172, 0.397615
-3.00433, 0.174236, -20.3259, -0.551362, -4.71073, 0.51537
-2.92253, 0.107952, -20.1153, -0.599593, -4.60727, 0.497048
-2.83759, 0.031047, -19.9991, -0.559503, -4.56634, 0.379908
-2.76686, -0.049459, -19.9375, -0.490814, -4.47719, 0.33475
-2.68582, -0.115691, -19.8004, -0.422139, -4.26888, 0.343652
-2.6471, -0.177827, -19.7609, -0.334088, -4.01993, 0.308133
-2.62516, -0.249332, -19.7486, -0.224919, -3.82436, 0.217238
-2.64012, -0.285591, -19.8685, -0.104699, -3.80473, 0.145145
-2.6813, -0.312173, -20.0531, -0.07988, -3.86443, 0.065399
-2.68381, -0.293631, -20.0081, -0.116461, -3.73249, 0.028161
-2.7078, -0.308376, -20.1255, 0.046589, -3.69872, -0.027512
-2.77326, -0.313285, -20.5818, 0.245046, -3.69679, -0.035255
-2.82613, -0.326723, -20.7209, 0.547379, -3.6753, 0.068765
-2.87802, -0.3431, -20.8229, 0.802353, -3.66507, 0.048121
-2.98461, -0.323387, -21.2374, 0.831015, -3.57855, -0.035647
-3.01064, -0.277076, -20.92, 0.665072, -3.19988, -0.174963
-3.05955, -0.235916, -20.6459, 0.506489, -2.98869, -0.208446
-3.23644, -0.203869, -21.1046, 0.261443, -3.23026, -0.271715
-3.35499, -0.151806, -21.216, -0.016627, -3.50829, -0.282747
-3.35976, -0.12361, -20.7646, -0.180699, -3.66534, -0.158977
-3.42163, -0.104451, -20.7879, -0.157894, -4.02684, 0.099157
-3.43269, -0.074533, -20.9482, -0.00814, -3.99903, 0.115758
-3.43066, -0.053764, -20.848, 0.32532, -3.71602, 0.066858
-3.50544, -0.063016, -21.2112, 0.530998, -3.79466, -0.185399
-3.58083, -0.041448, -21.4484, 0.520878, -3.74414, -0.171594
-3.52113, -0.012933, -21.0198, 0.478512, -3.50574, -0.230806
-3.53241, 0.010796, -20.8641, 0.446915, -3.57476, -0.370095
-3.60811, 0.02855, -21.0796, 0.418483, -3.90204, -0.397723
-3.70464, 0.087793, -21.2661, 0.312121, -4.48803, -0.389705
-3.75745, 0.143361, -21.4636, 0.193358, -4.98421, -0.325864
-3.78184, 0.182597, -21.7427, 0.173827, -5.22543, 0.035947
-3.75889, 0.179533, -21.8231, 0.196571, -5.21078, 0.042915
-3.76209, 0.216317, -21.9582, 0.067663, -5.13295, 0.064301
-3.76199, 0.288376, -22.1085, -0.234402, -4.86412, 0.004209
-3.7742, 0.318015, -22.2425, -0.416726, -4.52116, -0.15498
-3.76971, 0.29366, -22.2035, -0.334108, -4.26858, 0.047461
-3.76421, 0.278654, -22.1379, -0.293221, -4.23039, 0.087714
-3.75523, 0.31103, -22.0049, -0.410587, -4.29192, 0.114786
-3.77418, 0.3044, -22.0004, -0.246231, -4.60537, 0.086137
-3.82727, 0.283721, -22.3017, 0.097639, -4.83796, 0.031532
-3.82871, 0.289684, -22.3244, 0.242107, -4.93778, -0.272096
-3.78492, 0.304431, -22.1161, 0.376176, -5.07682, -0.258229
-3.89737, 0.352855, -22.8284, 0.360786, -5.53228, -0.017149
-3.93794, 0.464459, -23.2714, 0.1355, -5.78413, 0.013302
-3.87951, 0.502244, -23.1864, 0.009456, -5.95361, -0.032163
-3.89947, 0.57235, -23.8138, -0.234754, -6.21139, -0.053295
-3.93365, 0.668205, -24.3912, -0.67165, -6.26832, 0.125299
-3.88128, 0.747688, -24.2936, -1.19574, -5.84732, 0.212941
-3.71115, 0.713987, -23.3919, -1.27971, -5.04462, 0.205077
-3.56992, 0.572881, -22.5211, -0.963622, -4.40786, -0.020489
-3.55758, 0.440275, -22.3807, -0.525974, -4.2385, -0.124231
-3.56667, 0.393928, -22.2756, -0.194931, -4.31519, -0.005956
-3.64906, 0.465132, -22.5585, -0.137832, -4.7168, 0.090213
-3.78178, 0.550223, -23.0452, -0.178307, -5.3012, 0.077317
-3.93795, 0.658663, -23.9688, -0.395266, -5.81901, 0.094404
-3.9292, 0.734625, -23.9935, -0.645162, -5.76857, 0.215812
-3.84045, 0.718765, -23.5222, -0.698679, -5.6313, 0.079772
-3.95639, 0.729396, -24.3945, -0.645252, -5.80636, 0.194865
-3.91367, 0.771532, -24.4505, -0.802044, -5.15739, 0.377426
-3.66317, 0.641746, -22.9851, -0.625166, -4.40923, 0.228339
-3.6562, 0.547561, -22.917, -0.352749, -4.55665, -0.027215
-3.86331, 0.625071, -23.7619, -0.496192, -5.57893, -0.060069
-3.83137, 0.678825, -23.4929, -0.706904, -5.8491, 0.190105
-3.79429, 0.6364, -23.5087, -0.65585, -6.08941, 0.094076
-3.85944, 0.719823, -24.3616, -0.80975, -6.33205, 0.220771
-3.82568, 0.79811, -24.4081, -1.03624, -6.02231, 0.375816
-3.59646, 0.73239, -23.327, -0.915361, -5.28671, 0.337401
-3.57462, 0.612713, -23.4717, -0.532158, -5.09143, 0.027358
-3.71676, 0.710924, -24.3835, -0.747079, -5.12199, 0.067476
-3.64658, 0.750092, -23.7868, -1.00163, -4.80684, 0.26515
-3.58205, 0.656986, -23.2278, -0.924102, -4.59173, 0.058425
-3.71912, 0.724285, -23.9, -1.08987, -4.82313, -0.013328
-3.86142, 0.854276, -24.4006, -1.30034, -5.00126, -0.039718
-3.82547, 0.806081, -24.087, -0.971306, -4.79053, -0.101611
-3.93584, 0.696091, -24.6287, -0.503857, -4.95938, -0.142915
-4.05183, 0.776937, -25.1883, -0.624113, -4.95576, 0.051514
-3.936, 0.807992, -24.288, -0.728036, -4.58588, 0.044228
-4.02127, 0.760169, -24.5248, -0.639043, -4.88677, -0.146792
-4.32278, 0.88008, -25.9621, -1.05947, -5.62733, -0.140534
-4.35309, 0.987875, -25.8943, -1.57239, -5.92569, -0.094401
-4.25979, 0.878159, -25.2571, -1.2934, -6.22214, -0.123572
-4.45124, 0.877884, -26.5313, -1.1658, -6.83944, 0.053499
-4.50093, 1.01734, -26.946, -1.57839, -6.74284, 0.144292
-4.23626, 0.971293, -25.4978, -1.35511, -6.2267, -0.055672
-4.22669, 0.785606, -25.7525, -0.609931, -6.60202, -0.191185
-4.52815, 0.985908, -27.7715, -0.903035, -7.2421, -0.005577
-4.45941, 1.13756, -27.4715, -1.11952, -6.78672, 0.352779
-4.10316, 0.923183, -25.4998, -0.715792, -5.86414, 0.219159
-4.15755, 0.823127, -26.0237, -0.518554, -6.03017, -0.125658
-4.2226, 1.04462, -26.4285, -1.1937, -6.14995, -0.084936
-4.05799, 1.07873, -25.2153, -1.54701, -5.90171, 0.067178
-4.02172, 0.920549, -24.9896, -1.10477, -6.38613, 0.034599
-4.28533, 1.04429, -26.6432, -1.26377, -6.95405, 0.063476
-4.17619, 1.17072, -26.1235, -1.53277, -6.64147, 0.261399
-3.98767, 0.997284, -24.9816, -1.14911, -6.28527, -0.022959
-4.22333, 1.01263, -26.8402, -1.12795, -6.65637, -0.008171
-4.20518, 1.15044, -26.6437, -1.61062, -6.10946, 0.270621
-3.88426, 1.01997, -24.5454, -1.48344, -5.49044, 0.331848
-4.06756, 0.964155, -25.6175, -1.61881, -6.00483, 0.153606
-4.34455, 1.17339, -27.2691, -2.01488, -6.15794, 0.348952
-4.15902, 1.12998, -25.6723, -1.78181, -5.18604, 0.321369
-3.8319, 0.802531, -23.8403, -1.0039, -4.45988, -0.029986
-3.97718, 0.680822, -24.5642, -0.433915, -4.89872, -0.153902
-4.20733, 0.893629, -25.4147, -0.567983, -5.62051, -0.03965
-4.17039, 0.981795, -24.9598, -0.686179, -5.81529, 0.239388
-4.19731, 0.844818, -25.0896, -0.419757, -6.04086, 0.110185
-4.56507, 1.0689, -27.4565, -0.812038, -6.66705, 0.154182
-4.56858, 1.27039, -27.447, -1.55663, -5.87592, 0.339908
-4.30494, 1.02636, -25.7576, -1.36369, -4.88063, 0.123304
-4.48001, 0.881847, -26.4402, -1.16755, -5.11873, 0.019456
-4.66777, 1.04054, -26.8762, -1.72689, -5.7801, 0.275045
-4.54915, 1.09244, -25.9255, -2.05027, -5.92838, 0.444649
-4.38875, 0.874286, -25.1429, -1.63329, -5.93114, 0.165626
-4.58146, 0.788845, -26.23, -1.18713, -6.68784, 0.090831
-4.7924, 1.04393, -27.4061, -1.77789, -6.95379, 0.428006
-4.48171, 0.988148, -25.9109, -1.69756, -5.98546, 0.480029
-4.27965, 0.733586, -25.0772, -0.822655, -5.56027, 0.103538
-4.46351, 0.762936, -26.0077, -0.600126, -6.03611, 0.174953
-4.56532, 0.930517, -26.3284, -1.0155, -6.25026, 0.471122
-4.4307, 0.821118, -25.585, -0.726086, -6.19503, 0.194989
-4.56966, 0.807803, -26.38, -0.652102, -6.84896, -0.041924
-4.98108, 1.17322, -28.7895, -1.65214, -7.34951, 0.454026
-4.69875, 1.12757, -27.0409, -1.71357, -5.96782, 0.714359
-4.27798, 0.782113, -25.0063, -0.960832, -4.81114, 0.205391
-4.54163, 0.680658, -26.2214, -0.67133, -5.44014, -0.068166
-4.85656, 0.968981, -27.492, -1.58223, -6.18562, 0.114519
-4.6716, 1.00611, -26.2829, -1.72173, -5.95132, 0.314843
-4.49033, 0.736025, -25.265, -0.709546, -6.25033, 0.073832
-4.75259, 0.794244, -26.9898, -0.866792, -7.35229, -0.060056
-4.92539, 1.12665, -28.0283, -1.63054, -7.99436, 0.070943
-4.74445, 1.19624, -27.4828, -1.71175, -7.65809, 0.395608
-4.60206, 1.02129, -27.1611, -1.14521, -7.27883, 0.299692
-4.83437, 1.07916, -28.9607, -1.18548, -7.26878, 0.382935
-4.84854, 1.26141, -28.7325, -1.83987, -6.39849, 0.60738
-4.45921, 1.02495, -26.009, -1.58361, -4.97266, 0.309787
-4.21267, 0.701939, -24.639, -0.845174, -4.39532, -0.009876
-4.42918, 0.672181, -25.1639, -0.531261, -5.70474, -0.15936
-4.58555, 0.893044, -25.8761, -0.907598, -7.14254, -0.068852
-4.52761, 1.05851, -26.4882, -1.09515, -7.68328, -0.03994
-4.44163, 1.2119, -27.6917, -1.23933, -7.6716, 0.293607
-4.21515, 1.35151, -27.7774, -1.49399, -7.36692, 0.275841
-3.95407, 1.47299, -27.8254, -1.75212, -7.19332, 0.057845
-3.84272, 1.74381, -29.1011, -2.23485, -7.02855, 0.157465
-3.37412, 1.62218, -26.9208, -2.05339, -6.15236, 0.223973
-2.92647, 1.46396, -25.2138, -1.94313, -5.59211, 0.00299
-2.9447, 1.9893, -28.3647, -3.01958, -5.77116, -0.002433
-2.69897, 2.14894, -28.0885, -3.31473, -5.33148, 0.064128
-2.26148, 1.86468, -25.6883, -2.8392, -4.54493, 0.063313
-2.08114, 1.92071, -26.2855, -3.02348, -4.23527, 0.092452
-1.93837, 2.0923, -26.6698, -3.34478, -3.90079, 0.227266
-1.72944, 1.88336, -24.4104, -3.07676, -3.1187, 0.249666
-1.62237, 1.56194, -23.1589, -2.79087, -2.67831, 0.071359
-1.72614, 1.68605, -24.4277, -3.08966, -2.87698, 0.00895
-1.83947, 1.62857, -23.2972, -2.88424, -2.90414, -0.005335
-1.75813, 1.24871, -21.3271, -2.16831, -2.65642, -0.030424
-1.98857, 1.07146, -21.8992, -1.84118, -2.85048, -0.0023
-2.10136, 1.10179, -21.4614, -1.70011, -2.86503, 0.008272
-2.09793, 0.908675, -19.8175, -1.17603, -2.66761, -0.052691
-2.26098, 0.714574, -20.6071, -0.677061, -3.08709, -0.150421
-2.62587, 1.02126, -23.245, -1.04401, -3.87333, -0.071754
-2.63508, 1.2284, -22.4341, -1.35184, -3.64558, 0.012194
-2.58937, 0.984054, -21.8629, -0.84487, -3.59454, -0.044852
-2.95392, 1.19636, -24.8645, -1.31294, -4.13561, -0.089804
-3.03587, 1.36576, -24.3688, -1.74206, -3.73749, 0.046225
-2.73605, 1.0025, -21.2651, -1.14456, -2.81764, 0.03612
-2.59806, 0.623474, -19.9847, -0.502758, -2.50658, -0.100011
-3.30313, 0.911781, -23.2585, -0.898956, -4.4475, -0.470418
-3.70476, 1.52549, -25.5741, -2.02545, -5.67644, -0.07112
-3.53212, 1.33499, -23.6414, -1.73419, -5.17509, 0.157032
-3.46803, 1.0495, -24.1025, -0.988047, -4.73961, 0.189442
-3.70753, 1.31449, -25.5977, -1.73402, -4.54512, 0.030257
-3.58211, 1.33717, -23.9389, -2.00094, -3.95855, 0.042474
-3.39992, 0.964602, -22.3659, -1.41618, -3.3208, -0.027396
-3.71077, 0.915835, -23.5227, -1.227, -3.63919, -0.009027
-3.88829, 1.10606, -23.7718, -1.5646, -3.83688, 0.069308
-3.76789, 0.967128, -22.5298, -1.22619, -3.9868, -0.098159
-4.26596, 0.933711, -24.9375, -0.822894, -5.61151, -0.165262
-4.55341, 1.20506, -26.3952, -1.12398, -5.63413, -0.026374
-4.12527, 1.10745, -23.9505, -1.15236, -4.10086, 0.316131
-3.80044, 0.768987, -22.6337, -0.641973, -3.41666, -0.073725
-4.05143, 0.786907, -23.4763, -0.769498, -4.65706, -0.29846
-4.28249, 1.09606, -24.0964, -1.44155, -6.0319, -0.171193
-4.35604, 1.18811, -24.6165, -1.4992, -6.69992, -0.060827
-4.41444, 1.17116, -25.5469, -1.15411, -6.75932, 0.112206
-4.1108, 1.11237, -24.6298, -0.899758, -5.88999, 0.204196
-4.14521, 1.14793, -24.9948, -1.18176, -5.34125, 0.010251
-4.3853, 1.219, -26.3591, -1.69548, -5.12799, 0.034296
-4.20331, 1.01587, -24.3745, -1.42841, -4.00196, 0.034406
-3.75199, 0.828241, -21.9178, -1.25923, -2.92525, -0.046765
-3.78561, 0.733882, -21.4525, -1.29412, -3.38089, -0.168839
-4.1509, 0.797464, -22.5673, -1.15582, -5.15437, -0.238718
-4.57081, 1.03368, -24.6757, -1.1627, -6.63885, -0.114706
-4.56691, 1.07638, -24.9537, -1.03745, -6.74543, -0.054567
-4.31977, 0.960294, -24.4516, -0.598804, -5.97053, 0.05791
-4.18481, 0.904822, -24.3015, -0.411759, -5.0858, -0.11284
-3.9708, 0.809016, -23.3763, -0.568534, -4.27864, -0.146523
-4.08939, 0.792126, -23.4243, -0.930206, -4.55748, -0.198184
-4.51653, 1.012, -25.434, -1.4457, -5.58662, -0.050626
-4.54088, 1.03317, -25.3363, -1.57396, -5.49319, 0.019703
-4.29555, 0.913223, -24.0794, -1.54376, -4.87537, 0.007463
-4.2573, 0.885688, -23.8288, -1.5806, -4.62086, -0.012925
-4.11778, 0.738687, -22.8651, -1.01387, -4.82276, -0.325154
-4.45045, 0.747767, -24.5476, -0.65414, -6.37569, -0.331416
-4.68698, 1.02885, -25.9964, -1.01716, -7.02345, -0.095072
-4.37449, 0.985365, -24.425, -0.660005, -5.8779, 0.172389
-4.07293, 0.710488, -23.3943, -0.042946, -5.1838, -0.149424
-4.62578, 0.829879, -26.0546, -0.574461, -6.38834, -0.397138
-4.85064, 1.2645, -27.1536, -1.87505, -6.44282, -0.134069
-4.45471, 1.14011, -24.5078, -1.44546, -4.96244, -0.055497
-4.17971, 0.768211, -23.5267, -0.608392, -4.32574, -0.15419
-4.65639, 0.8755, -25.609, -0.842104, -5.0983, -0.32064
-4.64321, 0.99449, -25.2345, -0.986722, -5.61417, -0.390793
-4.51653, 0.904567, -24.1888, -0.731115, -6.33843, -0.363633
-4.71971, 1.00351, -25.5005, -0.945053, -7.21345, -0.188248
-4.91201, 1.2947, -26.8757, -1.24957, -7.57549, -0.136843
-4.56757, 1.16019, -25.399, -0.700081, -6.66859, -0.186923
-4.39486, 0.906884, -25.0768, -0.240983, -6.13537, -0.247142
-4.54837, 1.04933, -26.0323, -0.681247, -5.82167, -0.197737
-4.42804, 1.1578, -25.1152, -1.11651, -5.30481, -0.101465
-4.43095, 1.04836, -24.8608, -1.32006, -5.45163, -0.068322
-4.68765, 1.09885, -25.92, -1.72915, -6.22485, -0.090069
-4.65929, 1.19103, -25.554, -1.92561, -6.23222, -0.139442
-4.48724, 1.12882, -24.7131, -1.82459, -5.84126, -0.062618
-4.31436, 0.927439, -24.0288, -1.43362, -5.3663, -0.029678
-4.2277, 0.869328, -23.6076, -0.840804, -5.2544, -0.096852
-4.35311, 0.922103, -24.0558, -0.670753, -6.21439, -0.163545
-4.59781, 1.03735, -25.3269, -1.10188, -6.8503, -0.095959
-4.45495, 0.991147, -24.7708, -0.948785, -6.17123, -0.046797
-4.44544, 0.996579, -24.9111, -0.872739, -5.51934, -0.06822
-4.75471, 1.14167, -26.529, -1.62147, -5.46665, -0.013764
-4.58507, 0.941502, -25.0572, -1.37649, -4.40205, 0.011723
-4.19676, 0.682347, -23.0127, -0.782016, -3.19789, -0.126332
-4.17111, 0.561854, -22.5316, -0.464595, -3.18659, -0.282046
-4.38366, 0.545746, -22.9444, -0.139553, -4.72026, -0.304065
-4.54657, 0.701684, -23.556, -0.152454, -5.95368, -0.187705
-4.57499, 0.847223, -23.9112, -0.238265, -6.51869, -0.13863
-4.66878, 0.987903, -25.1922, -0.396555, -6.92792, 0.018948
-4.56014, 1.05458, -25.1913, -0.521441, -6.65432, 0.118033
-4.39847, 1.10359, -24.7261, -0.635752, -6.50813, -0.072858
-4.64053, 1.28884, -26.1401, -1.27159, -6.90947, -0.111234
-4.60277, 1.32307, -26.2021, -1.78482, -6.13386, -0.033184
-4.32264, 1.09716, -24.4474, -1.47346, -5.24484, 0.022665
-4.19579, 0.990746, -23.6649, -1.55075, -5.14487, 0.008774
-4.38655, 0.972674, -24.4451, -1.6806, -5.65362, 0.006089
-4.47213, 0.93595, -24.8771, -1.62335, -6.17429, -0.021857
-4.52217, 0.881496, -25.0689, -1.49753, -6.66064, -0.028491
-4.62085, 0.941985, -25.853, -1.71821, -6.68809, 0.048455
-4.39002, 0.874174, -24.9254, -1.40984, -5.1832, 0.098824
-3.99163, 0.550294, -22.9892, -0.508141, -4.04704, 0.001777
-4.08234, 0.396219, -23.408, -0.248076, -4.12604, -0.174288
-4.44826, 0.618116, -24.65, -0.91942, -5.21413, -0.224505
-4.43354, 0.646047, -24.086, -0.679439, -6.06245, -0.131305
-4.40294, 0.574995, -24.1842, -0.23441, -6.47478, -0.134723
-4.60552, 0.689593, -25.67, -0.408771, -6.98078, -0.061178
-4.61558, 0.822707, -25.9167, -0.619584, -6.99932, -0.052687
-4.43035, 0.712996, -25.3417, -0.444296, -6.76279, -0.092293
-4.32598, 0.57514, -24.9913, -0.541582, -6.85845, -0.093086
