Fx [N], Fy [N], Fz [N], Mx [Nm], My [Nm], Mz [Nm]
0.203683, -0.005666, -1.15777, -0.025846, 0.30839, 0.043277
0.19896, -0.019371, -1.25161, -0.007236, 0.310493, 0.070631
0.190324, -0.019809, -1.32178, -0.007275, 0.294123, 0.080525
0.179976, -0.018915, -1.51275, 0.006889, 0.27151, 0.087969
0.17416, -0.02987, -1.68359, 0.028932, 0.233775, 0.090848
0.165797, -0.051824, -1.81273, 0.11681, 0.185375, 0.056537
0.142257, -0.071245, -2.21732, 0.187622, 0.140989, 0.03867
0.105001, -0.084026, -3.07281, 0.245174, 0.057605, 0.022348
0.023349, -0.077746, -4.11189, 0.235179, -0.11687, -0.007369
-0.016551, -0.08009, -5.29257, 0.265159, -0.236358, 0.02072
-0.037443, -0.083765, -5.89981, 0.251456, -0.301991, 0.046937
-0.049673, -0.072873, -5.90979, 0.188497, -0.246283, 0.064891
-0.071985, -0.036584, -6.47838, 0.013264, -0.240296, 0.060728
-0.112025, -0.039138, -6.89978, -0.07203, -0.171701, 0.046922
-0.145235, -0.062749, -6.93406, -0.054769, -0.152094, 0.034439
-0.179602, -0.099337, -7.42264, 0.012594, -0.197972, 0.036515
-0.222686, -0.120054, -7.64309, 0.049563, -0.227615, 0.061896
-0.237786, -0.149208, -7.68572, 0.159712, -0.245468, 0.105799
-0.282435, -0.227851, -8.04877, 0.473126, -0.386165, 0.168472
-0.32274, -0.218779, -8.44846, 0.512443, -0.512913, 0.190105
-0.340975, -0.198613, -8.55991, 0.549891, -0.664678, 0.145077
-0.366971, -0.185936, -9.22652, 0.511894, -0.843836, 0.128029
-0.381811, -0.123602, -10.0249, 0.364575, -0.878732, 0.195318
-0.3451, -0.112912, -10.1914, 0.324684, -0.78616, 0.239661
-0.308737, -0.135267, -10.4939, 0.344091, -0.72174, 0.220919
-0.288429, -0.167439, -11.154, 0.342647, -0.653177, 0.231853
-0.270953, -0.189206, -11.012, 0.308968, -0.538163, 0.202389
-0.273736, -0.223397, -10.5829, 0.320935, -0.441526, 0.127415
-0.265174, -0.296336, -10.6465, 0.399835, -0.382378, 0.057324
-0.28973, -0.284488, -10.7591, 0.452116, -0.40958, 0.137385
-0.313468, -0.310454, -10.8078, 0.577805, -0.462856, 0.172836
-0.338704, -0.331069, -11.1702, 0.558783, -0.557968, 0.161953
-0.369332, -0.280752, -11.55, 0.455088, -0.652533, 0.208158
-0.373694, -0.302909, -11.5518, 0.529332, -0.714207, 0.280356
-0.372467, -0.356564, -11.942, 0.610274, -0.73527, 0.275389
-0.357965, -0.398356, -12.2362, 0.653131, -0.720351, 0.250232
-0.34436, -0.421349, -12.1472, 0.65532, -0.76638, 0.178791
-0.310491, -0.477062, -12.4592, 0.761548, -0.824851, 0.067121
-0.28193, -0.529055, -13.3024, 0.89653, -0.795184, 0.14156
-0.22628, -0.539074, -13.3037, 0.951891, -0.58587, 0.267205
-0.193111, -0.552716, -12.9842, 0.992895, -0.50505, 0.243343
-0.143848, -0.612946, -13.116, 1.14727, -0.487842, 0.173447
-0.138485, -0.612482, -13.4076, 1.21779, -0.455425, 0.17995
-0.114449, -0.606565, -13.3153, 1.27039, -0.409986, 0.167253
-0.111451, -0.588639, -13.7173, 1.2987, -0.399912, 0.109776
-0.10676, -0.557815, -14.3787, 1.26871, -0.336335, 0.164665
-0.11171, -0.499266, -14.508, 1.16867, -0.282143, 0.174729
-0.141979, -0.458936, -14.6937, 1.13379, -0.278113, 0.081385
-0.181773, -0.396181, -15.412, 0.987794, -0.259492, 0.129291
-0.279625, -0.327413, -15.1839, 0.747736, -0.299093, 0.103452
-0.407402, -0.278523, -14.5928, 0.595899, -0.450246, -0.007725
-0.545071, -0.263035, -14.821, 0.554999, -0.652751, -0.060232
-0.68277, -0.274131, -14.8432, 0.586474, -0.844093, -0.099904
-0.742475, -0.287309, -14.7617, 0.59835, -0.998541, -0.081689
-0.794492, -0.226643, -15.0241, 0.415914, -1.11683, 0.002372
-0.795685, -0.217429, -15.1196, 0.236744, -1.33684, 0.062585
-0.791532, -0.304738, -15.3936, 0.33354, -1.48545, 0.100383
-0.74741, -0.417775, -15.8195, 0.501108, -1.43418, 0.099227
-0.656943, -0.524256, -15.343, 0.600979, -1.26854, 0.060672
-0.555136, -0.615201, -14.8214, 0.753811, -1.15398, 0.047653
-0.443611, -0.693889, -14.5582, 0.886588, -1.01486, 0.095816
-0.383193, -0.724088, -14.1442, 0.983072, -0.889357, 0.145443
-0.337604, -0.755449, -14.1811, 1.2024, -0.800791, 0.259306
-0.29393, -0.798841, -14.7225, 1.33925, -0.7112, 0.249991
-0.269069, -0.801298, -14.6829, 1.38306, -0.670777, 0.216451
-0.2462, -0.839391, -14.862, 1.52391, -0.605627, 0.198472
-0.265201, -0.84321, -15.5336, 1.48961, -0.45177, 0.247543
-0.312338, -0.862934, -15.395, 1.434, -0.343929, 0.156553
-0.386263, -0.86416, -15.378, 1.37872, -0.357244, 0.02055
-0.518908, -0.880991, -15.5474, 1.37267, -0.4773, -0.017873
-0.676384, -0.844321, -15.302, 1.32541, -0.632283, -0.041551
-0.815234, -0.78349, -14.9003, 1.23218, -0.754693, -0.081309
-0.999177, -0.733357, -15.1164, 1.21883, -1.00727, -0.141055
-1.22849, -0.729742, -16.1102, 1.23826, -1.28072, -0.074824
-1.36525, -0.658183, -16.0287, 1.04886, -1.36508, -0.013202
-1.44537, -0.638237, -15.6857, 0.942868, -1.40865, -0.059367
-1.56221, -0.639833, -16.0497, 0.892722, -1.55118, -0.143784
-1.68194, -0.597836, -16.3062, 0.790672, -1.69707, -0.178402
-1.73916, -0.599558, -16.1846, 0.714412, -1.71233, -0.056903
-1.78453, -0.655895, -16.0199, 0.787829, -1.67015, -0.015037
-1.79172, -0.668604, -15.435, 0.851845, -1.54173, -0.145485
-1.88024, -0.634526, -15.478, 1.068, -1.79783, -0.313662
-2.0547, -0.621019, -16.4295, 1.29179, -2.21165, -0.194096
-2.17121, -0.554541, -16.8347, 1.23803, -2.33759, -0.051013
-2.18988, -0.46234, -16.676, 0.960728, -2.1837, 0.005205
-2.29176, -0.419119, -16.9505, 0.66166, -2.19313, -0.068817
-2.42557, -0.430163, -17.3879, 0.566317, -2.2818, -0.101773
-2.5389, -0.467324, -17.7417, 0.613727, -2.34586, -0.026315
-2.58374, -0.467676, -17.449, 0.563356, -2.16176, 0.019167
-2.59804, -0.508624, -16.9212, 0.632375, -1.9548, -0.055679
-2.73859, -0.532312, -17.2839, 0.778536, -2.11441, -0.212762
-2.83726, -0.505698, -17.4753, 0.789969, -2.16648, -0.231493
-2.83437, -0.470761, -16.9865, 0.780478, -2.00924, -0.143922
-2.95708, -0.451263, -17.3405, 1.01531, -2.40543, -0.288467
-3.10187, -0.384717, -17.9189, 1.09943, -2.7589, -0.18765
-3.15605, -0.326453, -17.9775, 1.00354, -2.74597, -0.093354
-3.22427, -0.292753, -18.1843, 0.889091, -2.73101, -0.052565
-3.31718, -0.232657, -18.4507, 0.648184, -2.79808, -0.130722
-3.36744, -0.178733, -18.6137, 0.283676, -3.01249, -0.164906
-3.37992, -0.182489, -18.5899, 0.046317, -3.2445, 0.008482
-3.33985, -0.249317, -18.3747, 0.090962, -3.26054, 0.069396
-3.31771, -0.241682, -18.2424, 0.107667, -3.37516, 0.035873
-3.36209, -0.244679, -18.3291, 0.283419, -3.88127, -0.03862
-3.36425, -0.27736, -18.5703, 0.562421, -4.23177, -0.01164
-3.41162, -0.264942, -19.1003, 0.546003, -4.45031, 0.036585
-3.27974, -0.275032, -18.6004, 0.546682, -4.28271, 0.0873
-3.17517, -0.295526, -18.1746, 0.65727, -4.34363, -0.051319
-3.26902, -0.244814, -19.1941, 0.600301, -4.72703, -0.019777
-3.1704, -0.250778, -18.9578, 0.635648, -4.64172, 0.024281
-2.95995, -0.272967, -18.1676, 0.813775, -4.44668, 0.072754
-3.04081, -0.230934, -19.2981, 0.781651, -4.78398, 0.010415
-3.18424, -0.121546, -20.6819, 0.367723, -4.73534, 0.307103
-2.986, -0.173408, -19.2579, 0.098934, -3.69771, 0.378211
-2.75357, -0.294194, -17.3984, 0.059401, -2.77417, 0.082138
-2.64191, -0.359609, -16.3579, 0.152237, -2.30299, 0.002122
-2.66071, -0.365117, -16.0519, 0.480135, -2.61779, -0.246684
-2.78269, -0.35429, -16.73, 0.989369, -3.49353, -0.128828
-2.89172, -0.235344, -17.6418, 1.05298, -4.04913, -0.07702
-2.91645, -0.066427, -18.529, 0.94317, -4.38759, -0.027605
-2.94388, 0.11014, -19.5895, 0.644246, -4.68419, -0.118457
-2.86378, 0.218429, -19.9242, 0.333226, -4.72216, -0.060823
-2.74135, 0.333626, -19.6632, -0.086918, -4.61779, 0.017279
-2.65533, 0.308454, -19.701, -0.340368, -4.51034, 0.089965
-2.53774, 0.213532, -19.6117, -0.486155, -4.23516, 0.157907
-2.34986, 0.048888, -18.5403, -0.425503, -3.76857, 0.186233
-2.22774, -0.137465, -17.9274, -0.257363, -3.53635, 0.107767
-2.16893, -0.32371, -17.8862, -0.014784, -3.47486, 0.088092
-2.05563, -0.469626, -17.5983, 0.273239, -3.45324, 0.116315
-1.92812, -0.572868, -17.3241, 0.540299, -3.35008, 0.263441
-1.85096, -0.673991, -17.4942, 0.770211, -3.27885, 0.267787
-1.82877, -0.774879, -18.0935, 0.882257, -3.21742, 0.263503
-1.74775, -0.824387, -17.7077, 0.938882, -2.97331, 0.242334
-1.62939, -0.895006, -16.9729, 1.11287, -2.78339, 0.22714
-1.58128, -0.907445, -16.9216, 1.17423, -2.57478, 0.274804
-1.54806, -0.904459, -16.5086, 1.1413, -2.1976, 0.240483
-1.58424, -0.913482, -16.5509, 1.29393, -2.12979, 0.12697
-1.65762, -0.917752, -16.9376, 1.46096, -2.24827, 0.161427
-1.66888, -0.860592, -16.5302, 1.46449, -2.26224, 0.115717
-1.75409, -0.845155, -16.9727, 1.54478, -2.5386, 0.006445
-1.84693, -0.856906, -17.7608, 1.58882, -2.78137, 0.01849
-1.82401, -0.82139, -17.2739, 1.51699, -2.72976, 0.199512
-1.75547, -0.782683, -16.7797, 1.48109, -2.90334, 0.078513
-1.82148, -0.750053, -17.624, 1.37349, -3.20343, 0.042437
-1.85046, -0.719579, -18.2741, 1.13411, -3.1312, 0.350009
-1.81946, -0.750066, -17.7161, 1.07172, -2.77126, 0.396548
-1.7287, -0.80264, -17.1499, 1.18836, -2.53736, 0.073743
-1.77177, -0.812165, -17.5896, 1.55538, -2.65306, -0.033739
-1.8511, -0.777356, -18.1121, 1.51912, -2.66476, 0.009471
-1.87397, -0.719756, -17.7582, 1.37009, -2.55522, 0.19817
-1.92094, -0.706771, -17.7006, 1.4282, -2.6812, -0.027043
-2.02462, -0.688897, -18.564, 1.4935, -3.0206, -0.05515
-2.03712, -0.59716, -18.4971, 1.3368, -3.03367, 0.003569
-1.99373, -0.551926, -18.0257, 1.20715, -2.91433, 0.228648
-2.0766, -0.552077, -18.6835, 1.08041, -2.88807, 0.093238
-2.12083, -0.555045, -18.9136, 0.960951, -2.84656, -0.00494
-2.0911, -0.592671, -18.6387, 1.13, -2.95396, 0.006923
-2.13523, -0.567918, -18.9818, 1.09021, -3.06382, 0.136622
-2.13409, -0.538349, -18.7219, 0.880851, -2.84837, 0.284077
-2.0903, -0.576415, -18.17, 0.873327, -2.69211, 0.051694
-2.11426, -0.619988, -18.313, 1.13655, -2.99177, -0.024467
-2.19186, -0.58272, -18.8459, 1.27295, -3.34272, 0.124404
-2.17235, -0.521135, -18.6788, 1.09202, -3.12587, 0.351226
-2.17068, -0.564213, -18.5854, 1.27955, -3.11979, 0.09076
-2.23745, -0.563187, -19.2209, 1.35857, -3.50977, -0.011734
-2.26969, -0.47959, -19.5148, 1.20484, -3.65116, 0.186229
-2.19265, -0.467493, -19.0834, 1.18369, -3.52716, 0.234282
-2.22078, -0.457826, -19.7063, 1.22208, -3.77154, 0.089636
-2.28206, -0.34415, -20.6114, 1.0116, -3.89682, 0.165073
-2.2262, -0.340053, -20.2265, 0.998859, -3.65276, 0.205593
-2.19728, -0.377052, -20.2748, 1.11279, -3.50467, 0.11222
-2.20338, -0.348244, -20.3831, 0.872844, -3.12379, 0.113657
-2.23494, -0.288255, -19.8625, 0.487093, -3.00615, 0.068211
-2.2831, -0.307308, -20.0005, 0.49072, -3.06172, 0.00786
-2.35058, -0.32952, -20.1176, 0.596888, -3.03298, 0.050883
-2.30683, -0.363762, -19.4034, 0.850648, -2.93986, 0.081294
-2.38601, -0.362268, -19.7307, 1.14174, -3.30265, -0.045897
-2.54027, -0.310469, -20.9542, 1.13973, -3.78587, 0.018352
-2.59993, -0.200803, -21.2699, 0.940171, -3.80145, 0.248154
-2.51261, -0.212382, -20.5735, 0.916851, -3.60996, 0.181351
-2.55302, -0.183626, -20.8707, 0.947398, -3.69344, 0.030865
-2.59316, -0.137024, -21.1402, 0.776118, -3.71429, 0.072549
-2.56604, -0.06641, -20.8003, 0.335815, -3.62242, 0.15143
-2.58573, -0.067019, -20.8138, 0.010622, -3.82588, 0.125446
-2.59232, -0.110103, -20.9318, 0.053836, -4.04159, 0.211466
-2.50918, -0.156743, -20.5878, 0.162134, -3.92982, 0.366368
-2.42577, -0.207825, -20.0098, 0.1517, -3.77117, 0.302535
-2.45101, -0.265797, -20.4175, 0.208184, -3.9795, 0.135822
-2.45883, -0.279325, -20.7493, 0.352393, -4.13354, 0.199805
-2.42144, -0.303199, -20.6327, 0.493523, -4.02387, 0.34686
-2.35328, -0.367282, -20.5266, 0.671363, -3.74219, 0.312011
-2.37715, -0.390177, -20.6982, 0.64053, -3.32725, 0.146887
-2.38733, -0.386453, -20.5998, 0.583355, -3.22317, 0.064916
-2.47925, -0.395054, -20.8349, 0.462955, -3.35315, 0.168093
-2.44252, -0.405465, -20.3491, 0.515037, -3.26735, 0.277559
-2.43168, -0.450276, -19.993, 0.65849, -3.22139, 0.073021
-2.52607, -0.456627, -20.839, 0.828416, -3.68721, -0.016413
-2.65988, -0.432091, -21.4912, 0.754196, -4.12552, 0.125209
-2.57564, -0.421407, -21.0677, 0.782704, -4.0626, 0.425106
-2.51868, -0.469974, -20.858, 0.981962, -4.0008, 0.235523
-2.59962, -0.455799, -21.6099, 0.994688, -4.03591, 0.101333
-2.58741, -0.439433, -21.5577, 0.778443, -3.55785, 0.249332
-2.5436, -0.463235, -20.7715, 0.922769, -3.43139, 0.194399
-2.53491, -0.435972, -20.8809, 1.25778, -3.80871, 0.011262
-2.6221, -0.360722, -21.4388, 1.18393, -3.90056, 0.09526
-2.62809, -0.289496, -21.4869, 0.964409, -3.8032, 0.243372
-2.69048, -0.269266, -21.7296, 0.774376, -3.70615, 0.143577
-2.74645, -0.229277, -21.9587, 0.392069, -3.61013, 0.057206
-2.71832, -0.256171, -21.2146, 0.148258, -3.50299, 0.066233
-2.66438, -0.328068, -20.3873, 0.15905, -3.46953, 0.053285
-2.70793, -0.382294, -20.6754, 0.269016, -3.5672, 0.090169
-2.83167, -0.437209, -21.2976, 0.502694, -3.61444, 0.360174
-2.74038, -0.507513, -20.5774, 0.730363, -3.50495, 0.307045
-2.68413, -0.526893, -20.0376, 0.957501, -3.87291, 0.006831
-2.69268, -0.4684, -20.3932, 1.01925, -4.26707, 0.008382
-2.67821, -0.402243, -20.6377, 0.97253, -4.3583, 0.328876
-2.62924, -0.400274, -20.8003, 0.884557, -4.26466, 0.459534
-2.61426, -0.337516, -21.3251, 0.73429, -4.38326, 0.346768
-2.57468, -0.320782, -21.2724, 0.550733, -4.37292, 0.229558
-2.58422, -0.345777, -21.592, 0.469681, -4.38087, 0.255555
-2.55743, -0.403718, -21.7747, 0.475285, -4.1099, 0.457391
-2.49994, -0.442269, -21.2106, 0.508675, -3.79953, 0.40735
-2.4442, -0.482371, -20.7846, 0.430527, -3.78758, 0.128263
-2.46526, -0.522675, -21.0306, 0.601148, -4.04445, 0.060345
-2.47539, -0.526411, -21.1528, 0.7212, -4.04498, 0.320422
-2.42975, -0.529623, -20.7618, 0.826599, -3.98413, 0.414587
-2.4197, -0.544075, -21.1132, 0.957417, -4.40901, 0.06102
-2.42998, -0.54267, -22.3724, 1.07269, -4.55422, 0.078186
-2.27501, -0.521513, -22.2143, 1.04882, -4.05218, 0.525084
-2.08639, -0.544796, -21.1185, 1.03772, -3.66845, 0.427444
-2.10196, -0.545222, -21.7017, 1.03173, -3.8808, 0.098731
-2.15438, -0.520956, -22.5902, 0.93816, -3.92875, 0.082642
-2.00734, -0.563968, -21.1751, 1.02322, -3.54357, 0.352146
-1.89041, -0.567004, -20.4896, 1.23403, -3.5103, 0.207389
-1.94127, -0.488614, -21.6043, 1.13369, -3.70931, 0.074717
-1.88692, -0.418882, -21.5026, 1.03983, -3.62105, 0.244429
-1.77069, -0.400047, -21.414, 1.01784, -3.30417, 0.370866
-1.69948, -0.361796, -21.935, 0.922873, -3.12249, 0.349037
-1.63799, -0.30015, -21.3915, 0.84607, -2.97118, 0.218613
-1.56611, -0.27408, -20.827, 0.879691, -3.04788, 0.00166
-1.53253, -0.183329, -21.8142, 0.709481, -3.1017, 0.012645
-1.45596, -0.08689, -21.7626, 0.533784, -2.94421, 0.217595
-1.40036, 0.038656, -21.9197, 0.30368, -2.73662, 0.299546
-1.42204, 0.059178, -23.1785, 0.181076, -2.76636, 0.123083
-1.41917, 0.055157, -22.8179, -0.188772, -2.39216, 0.047096
-1.35674, -0.103308, -21.458, 0.042423, -2.14288, 0.044834
-1.46141, -0.202565, -21.099, 0.223582, -2.12898, 0.012033
-1.60564, -0.289479, -20.249, 0.433623, -2.19622, -0.040315
-1.75302, -0.28708, -19.8538, 0.571309, -2.31678, -0.147836
-1.96278, -0.275785, -20.2806, 0.773539, -2.54897, -0.135776
-2.16628, -0.155473, -20.5551, 0.783412, -2.71885, -0.095817
-2.37037, -0.013812, -20.6379, 0.627571, -2.78125, -0.169327
-2.68986, 0.111654, -21.263, 0.473867, -2.95343, -0.216855
-2.91442, 0.211965, -21.0725, 0.366077, -2.83678, -0.232409
-3.05434, 0.287791, -19.8668, 0.469832, -2.59673, -0.415965
-3.35206, 0.457253, -20.3575, 0.471673, -2.84137, -0.673275
-3.69908, 0.638271, -20.9227, 0.33516, -2.7481, -0.375467
-3.83623, 0.74123, -20.4798, 0.240487, -2.2512, -0.069467
-3.83378, 0.70111, -19.5229, 0.379641, -1.42351, -0.099826
-3.89988, 0.731704, -19.0735, 0.462376, -0.785347, -0.311034
-4.20059, 0.840948, -19.535, 0.463111, -0.668792, -0.678377
-4.55682, 0.943992, -20.534, 0.506433, -0.308745, -0.363277
-4.5347, 0.886117, -20.1758, 0.509948, 0.813886, 0.039514
-4.2724, 0.764921, -18.8112, 0.56062, 2.16931, 0.032997
-4.34086, 0.779602, -18.6381, 0.434501, 1.83547, -0.406176
-4.65099, 0.804049, -19.194, 0.314873, 0.261836, -0.539116
-4.83736, 0.852016, -19.7104, 0.016943, -1.55468, -0.075616
-4.75379, 0.838896, -19.4826, -0.037575, -1.91679, 0.521765
-4.55084, 0.759172, -18.9873, 0.271618, -2.25982, 0.038134
-4.74181, 0.814156, -19.6575, 0.47893, -2.98827, -0.392394
-4.89912, 0.917913, -20.5242, 0.842598, -2.80056, -0.393009
-4.65781, 0.974479, -19.8741, 1.27493, -0.889167, -0.12466
-4.31477, 0.985958, -18.7639, 1.7673, 1.33821, -0.306599
-4.55283, 1.13171, -19.3807, 2.01255, 1.9693, -0.847641
-4.7888, 1.27816, -19.6975, 1.90027, 1.447, -1.06522
-4.91284, 1.43044, -19.8331, 1.76691, 0.752735, -0.684471
-4.84781, 1.47382, -19.7094, 1.80415, 0.424606, -0.23341
-5.06639, 1.64301, -20.3792, 1.62541, -0.482068, -0.49337
-5.1881, 1.79933, -20.7239, 1.11184, -1.69776, -0.753031
-5.30613, 1.91435, -21.3015, 0.863483, -2.04022, -0.467213
-5.16829, 1.90318, -21.0718, 0.747427, -1.07904, -0.019335
-5.07516, 1.83537, -20.5153, 0.300009, -0.83857, -0.238438
-5.10659, 1.78014, -20.4695, -0.285614, -1.85115, -0.252533
-5.04434, 1.70087, -20.1669, -0.777743, -2.84783, 0.030981
-4.91627, 1.59093, -19.8853, -1.25761, -3.93442, 0.183454
-5.0139, 1.54369, -20.3719, -1.63415, -5.16824, 0.334136
-4.9346, 1.48072, -20.5669, -1.57623, -5.34501, 0.494147
-4.62643, 1.2978, -19.6616, -1.24675, -4.33303, 0.485561
-4.35476, 1.19071, -18.7239, -1.01471, -3.24978, 0.179098
-4.40205, 1.14643, -18.7533, -0.402599, -3.3763, -0.161094
-4.61275, 1.27786, -19.5483, -0.114399, -4.43232, -0.272597
-4.69322, 1.49669, -20.0607, -0.497539, -5.04151, -0.011682
-4.69496, 1.64237, -20.3627, -0.943042, -5.19653, 0.329958
-4.9483, 1.71758, -21.58, -0.930632, -5.72283, -0.032538
-5.07751, 1.81301, -22.2298, -1.3079, -6.16437, -0.153907
-5.00608, 1.83987, -21.8929, -2.01341, -5.99184, 0.181684
-4.9388, 1.7194, -21.7475, -2.01715, -5.02032, 0.593888
-4.70964, 1.43938, -20.7934, -1.5293, -3.40419, 0.513498
-4.57812, 1.20687, -19.7216, -1.28639, -2.62314, 0.106156
-4.64917, 1.16875, -19.6248, -1.34611, -2.94274, -0.087838
-4.90729, 1.19538, -20.2846, -1.35139, -4.08494, 0.085656
-4.9173, 1.20595, -20.5431, -1.09744, -5.00146, 0.374542
-4.79581, 1.20838, -20.3777, -1.0273, -5.33235, 0.5414
-5.03983, 1.33364, -21.5022, -1.14493, -6.24329, 0.105121
-5.16395, 1.44699, -22.222, -1.27109, -6.65867, -0.112524
-5.07095, 1.45744, -22.0075, -1.42704, -6.81427, 0.128574
-4.98734, 1.47404, -22.2178, -1.74472, -6.63281, 0.676614
-5.04702, 1.4239, -22.7278, -2.06336, -6.70773, 0.677931
-4.81521, 1.23934, -21.9583, -2.13909, -6.55464, 0.285453
-4.64761, 1.03512, -21.5944, -1.97975, -6.59335, 0.221311
-4.61531, 0.850288, -22.0998, -1.81386, -6.54349, 0.758173
-4.42971, 0.559438, -21.5746, -1.50778, -5.89399, 0.881937
-4.08093, 0.275736, -19.9894, -1.29206, -5.12221, 0.41597
-3.89243, 0.054116, -19.2723, -0.829478, -4.81538, 0.106627
-3.90309, -0.006718, -19.4358, -0.412132, -4.98246, 0.169339
-3.82999, 0.000256, -19.0755, 0.263238, -4.79444, 0.338333
-3.8014, 0.107776, -19.0299, 0.252319, -4.86065, 0.415568
-3.96813, 0.20952, -19.9376, 0.213008, -5.3831, -0.029025
-4.09505, 0.320479, -20.5238, -0.117674, -5.87007, -0.020018
-4.0719, 0.371139, -20.4657, -0.350305, -5.93284, 0.267619
-4.03295, 0.378894, -20.5225, -0.429783, -5.51922, 0.548526
-4.09446, 0.355638, -20.8814, -0.730271, -5.18467, 0.332517
-4.03927, 0.25328, -20.5949, -0.698979, -5.21555, 0.08358
-4.02476, 0.239654, -20.5177, -0.703823, -5.46088, 0.178876
-4.03877, 0.276287, -20.5165, -0.776278, -5.12034, 0.696988
-4.08434, 0.19671, -20.6048, -0.785773, -5.02424, 0.524521
-3.98086, 0.120174, -20.152, -0.656827, -5.27814, 0.136284
-3.96153, 0.133173, -20.0357, -0.481781, -5.62319, 0.240523
-3.94144, 0.119704, -20.1994, -0.241384, -5.53362, 0.607045
-3.97309, 0.084001, -20.5081, -0.035973, -5.50869, 0.452005
-4.08466, 0.117772, -21.0626, -0.298886, -5.69293, 0.269498
-4.09271, 0.141285, -21.1042, -0.630212, -5.15193, 0.391496
-4.04347, 0.088567, -20.8011, -0.480161, -4.85373, 0.34679
-4.07967, 0.073602, -20.9565, -0.314512, -4.87033, 0.377825
-4.14643, 0.093133, -21.1516, -0.362079, -4.71333, 0.656219
-4.12491, 0.020344, -20.7439, -0.245483, -4.16364, 0.536094
