Fx [N], Fy [N], Fz [N], Mx [Nm], My [Nm], Mz [Nm]
0.286241, 0.12941, -2.03188, -0.110197, 0.077089, -0.108606
0.301954, 0.13761, -2.14054, -0.120768, 0.077978, -0.101183
0.314987, 0.122313, -2.27529, -0.094494, 0.106093, -0.098605
0.346355, 0.127369, -2.45287, -0.098135, 0.121101, -0.10975
0.421207, 0.156681, -2.71896, -0.119273, 0.173014, -0.102064
0.544528, 0.226962, -3.17343, -0.17318, 0.26486, -0.121458
0.650786, 0.383987, -4.03917, -0.295444, 0.301988, -0.14337
0.66504, 0.615996, -5.59632, -0.459901, 0.189866, -0.203012
0.590608, 0.865926, -7.5651, -0.613358, -0.03774, -0.233777
0.529816, 1.14393, -9.49608, -0.730699, -0.257263, -0.197022
0.597865, 1.37336, -11.094, -0.788238, -0.29477, -0.113498
0.685662, 1.5911, -12.0226, -0.878251, -0.243637, -0.062032
0.764042, 1.80782, -12.4915, -0.965289, -0.192706, -0.074195
0.749961, 1.94552, -12.6244, -1.05218, -0.230215, -0.125588
0.716389, 2.10169, -13.0265, -1.2309, -0.322765, -0.224933
0.748275, 2.27943, -13.7335, -1.37228, -0.343858, -0.265717
0.806578, 2.4112, -14.7488, -1.41809, -0.250152, -0.24321
0.869734, 2.52898, -16.377, -1.41236, -0.103784, -0.183607
0.902831, 2.75304, -18.8224, -1.53939, -0.13782, -0.174961
0.981457, 3.09349, -20.9253, -1.73735, -0.203995, -0.204732
0.801681, 3.50655, -23.7718, -2.00029, -0.549546, -0.289707
0.583907, 3.85571, -26.8872, -2.16691, -0.750293, -0.279452
0.926801, 4.10381, -28.3731, -2.33663, -0.035214, -0.117896
0.92473, 4.15851, -28.7912, -2.33839, -0.003906, -0.079279
0.36754, 4.15977, -30.3945, -2.23677, -0.863085, -0.171136
0.53712, 4.4359, -31.466, -2.40258, -0.665162, -0.160801
0.805674, 4.54675, -31.1513, -2.53403, -0.090471, -0.105241
0.459768, 4.38283, -30.4637, -2.39559, -0.478176, -0.094306
0.169277, 4.28677, -30.507, -2.26491, -1.10011, -0.172912
0.414124, 4.19981, -30.3236, -2.15511, -0.99806, -0.242615
0.431802, 4.20701, -31.1296, -2.11255, -0.892959, -0.270931
0.598392, 4.45243, -32.1809, -2.29491, -0.443789, -0.159434
0.907752, 4.49175, -31.551, -2.43419, 0.150812, -0.060845
0.340579, 4.11105, -30.0542, -2.26085, -0.804936, -0.172343
-0.355502, 3.94433, -30.1708, -2.14797, -2.03337, -0.301693
-0.056712, 4.11989, -31.2385, -2.23175, -1.78512, -0.226406
0.391121, 4.46555, -31.8954, -2.55336, -0.792649, -0.095843
0.314522, 4.51452, -30.088, -2.74311, -0.657288, -0.078502
-0.332319, 4.15168, -29.2591, -2.50699, -1.73763, -0.193033
-0.520341, 3.81675, -28.8408, -2.22836, -2.13598, -0.202252
-0.557373, 3.76898, -29.1279, -2.15647, -1.98155, -0.181576
-0.626363, 3.90946, -29.2874, -2.28534, -1.65007, -0.141674
-0.356357, 4.21293, -29.4671, -2.57899, -0.953448, -0.062281
0.179665, 4.62352, -30.2677, -2.91423, -0.12034, 0.052002
0.335477, 4.83739, -29.7023, -3.15229, -0.012677, 0.056648
-0.281024, 4.89149, -30.1097, -3.17159, -0.687804, 0.002877
-0.322938, 4.88538, -30.3996, -3.02191, -0.457239, 0.157051
0.217224, 4.7862, -30.3512, -2.84117, 0.20735, 0.312719
-0.037416, 4.80505, -30.0394, -2.89378, -0.303721, 0.246537
-0.481871, 4.97347, -29.8751, -3.12454, -1.08266, 0.086372
-0.2304, 5.01442, -30.1782, -3.1693, -0.831419, 0.101668
-0.059763, 5.18064, -31.5921, -3.19104, -0.109119, 0.267859
0.032307, 5.3307, -31.4235, -3.3775, 0.472698, 0.35546
0.172996, 5.51382, -31.1667, -3.60527, 0.594821, 0.330257
0.216229, 5.83427, -32.3337, -3.99091, 0.451293, 0.221953
0.50177, 5.94584, -32.015, -4.12311, 0.628, 0.250918
0.409061, 6.1419, -32.6554, -4.33513, 0.909613, 0.408013
0.887901, 6.23194, -31.905, -4.3531, 1.28966, 0.491435
0.832007, 5.91008, -31.1376, -4.01365, 0.289954, 0.314936
-0.11148, 5.6388, -30.1808, -3.84004, -1.48775, 0.016623
-0.508785, 5.54873, -30.746, -3.74485, -2.12046, -0.084842
0.345888, 5.59768, -31.1078, -3.77209, -0.635821, 0.075929
0.697388, 5.67601, -30.6521, -3.85759, 0.146482, 0.150008
0.214878, 5.59409, -30.9952, -3.83738, -0.520774, 0.072132
0.332406, 5.7528, -31.2503, -4.02217, -0.493537, 0.085938
0.227476, 5.77964, -30.5148, -4.08404, -0.479532, 0.119292
-0.27763, 5.67764, -30.6307, -4.00511, -0.722069, 0.213395
-0.039993, 5.82453, -31.3025, -4.17505, -0.313255, 0.351786
0.343922, 5.8324, -29.9387, -4.23993, -0.209438, 0.284157
-0.474952, 5.60249, -29.4466, -4.00063, -1.43137, 0.135716
-0.733191, 5.54129, -31.0607, -3.9072, -1.64218, 0.171672
0.328579, 5.83677, -31.8657, -4.17658, -0.008914, 0.357885
0.327819, 5.95935, -31.0812, -4.26253, 0.015925, 0.283088
-0.49684, 5.87783, -32.244, -4.14029, -1.21291, 0.09532
0.243703, 6.06307, -33.3299, -4.34254, -0.278006, 0.202488
0.828303, 5.97401, -32.2791, -4.29827, 0.723587, 0.318319
-0.076732, 5.6581, -30.9299, -3.99246, -0.467021, 0.195334
-0.385963, 5.35297, -30.2077, -3.68822, -1.34628, 0.055999
0.058582, 5.23134, -31.2886, -3.51279, -0.876896, 0.101936
0.49264, 5.46882, -31.931, -3.71639, 0.246623, 0.216885
0.62687, 5.56125, -30.7679, -3.81403, 0.427243, 0.169631
0.009898, 5.12273, -29.8853, -3.43456, -0.701138, -0.007775
-0.355904, 4.72394, -30.5695, -3.00157, -1.30797, 0.028859
0.207191, 4.75283, -31.2636, -2.90779, -0.484519, 0.165626
0.563434, 5.17103, -30.749, -3.2511, 0.160433, 0.1861
-0.103855, 5.18274, -30.1257, -3.26014, -0.962711, -0.004907
-0.404199, 4.92628, -30.8204, -2.93746, -1.65163, -0.024867
-0.160761, 4.88926, -31.0248, -2.81971, -1.2512, 0.12984
-0.273676, 5.09131, -31.1279, -3.04327, -1.04443, 0.184726
-0.635071, 4.96969, -29.9289, -2.98625, -1.61548, 0.117591
-0.812892, 4.68866, -31.2447, -2.77012, -1.98001, 0.105102
-0.15561, 4.75784, -32.1884, -2.88069, -1.04322, 0.216148
0.187421, 4.87741, -31.3819, -3.05773, -0.364748, 0.240254
-0.595882, 4.80249, -31.4739, -3.09849, -1.23563, 0.099685
-0.438577, 4.78952, -32.8155, -3.17032, -1.12321, 0.101632
0.420248, 4.98446, -33.3281, -3.41443, -0.024569, 0.225183
0.143356, 5.21257, -32.7457, -3.66425, -0.079261, 0.205736
-0.377122, 5.39643, -33.0935, -3.929, -0.672103, 0.111135
0.123754, 5.26103, -32.8882, -3.88371, -0.404649, 0.158052
-0.025114, 5.14222, -33.0379, -3.75273, -0.599326, 0.225787
-0.343954, 5.41813, -33.1038, -4.00227, -0.775445, 0.199593
0.209618, 5.59972, -32.8603, -4.24774, -0.215869, 0.207895
0.013791, 5.36625, -32.6326, -4.09897, -0.638598, 0.179505
-0.579297, 5.20675, -32.7776, -3.99711, -1.31214, 0.17963
-0.069885, 5.24828, -32.3311, -3.953, -0.795579, 0.261038
0.160243, 5.5766, -32.4698, -4.21308, -0.519434, 0.252914
0.069381, 5.68611, -32.0139, -4.44513, -0.814334, 0.145938
0.034632, 5.22413, -30.6694, -4.02089, -1.23135, 0.115836
-0.518697, 4.94025, -30.9594, -3.67361, -1.77162, 0.152062
-0.462809, 5.15723, -31.9904, -3.86327, -1.29343, 0.252996
0.07087, 5.39387, -31.67, -4.09703, -0.519892, 0.295144
-0.421769, 5.4761, -31.836, -4.2167, -1.05715, 0.192792
-0.452034, 5.65036, -32.7895, -4.39682, -1.05028, 0.201102
0.390543, 5.65058, -32.217, -4.32229, -0.120887, 0.304633
-0.093199, 5.29434, -30.6284, -3.98129, -0.585072, 0.266292
-0.944342, 4.96768, -30.3298, -3.72348, -1.6473, 0.182032
-0.352924, 4.87968, -30.7071, -3.59311, -1.16663, 0.217913
0.018919, 4.87535, -29.89, -3.5907, -0.694458, 0.195379
-0.575214, 4.74596, -29.7973, -3.54959, -1.37427, 0.048854
-0.48542, 4.82755, -30.955, -3.60978, -1.44444, 0.077127
0.011589, 5.05699, -32.2025, -3.82788, -0.550536, 0.22177
-0.029832, 5.14984, -32.018, -3.92525, -0.328169, 0.233969
-0.367991, 4.8666, -31.1361, -3.67297, -1.04257, 0.141205
-0.574124, 4.67823, -31.8632, -3.51994, -1.42713, 0.10129
-0.282527, 4.86303, -32.9233, -3.66499, -0.813628, 0.187724
-0.055472, 4.9877, -32.3404, -3.67814, -0.558575, 0.219544
-0.721351, 4.83471, -31.8046, -3.54445, -1.58559, 0.113278
-0.930049, 4.86566, -33.1124, -3.60946, -1.83329, 0.118703
-0.096509, 5.03132, -33.2233, -3.74214, -0.650822, 0.267502
-0.256737, 5.06456, -32.1167, -3.75251, -0.784357, 0.299212
-0.995885, 4.98046, -31.3781, -3.69709, -1.85352, 0.183976
-0.700516, 4.70843, -30.7252, -3.42561, -1.8576, 0.152316
-0.310356, 4.60823, -30.0505, -3.27787, -1.35853, 0.202396
-0.583999, 4.72143, -29.7262, -3.27676, -1.41725, 0.192977
-0.452039, 4.89136, -29.9866, -3.43137, -1.26437, 0.163092
-0.304646, 4.88752, -29.9801, -3.44785, -1.26152, 0.118464
-0.644635, 4.98, -31.1006, -3.54209, -1.49678, 0.127724
-0.324393, 5.32321, -31.2296, -3.8505, -0.918127, 0.232009
-0.177305, 5.41272, -30.3816, -3.97808, -0.735941, 0.232182
-0.995385, 5.1709, -30.8279, -3.71623, -1.70731, 0.172501
-0.718981, 5.43338, -32.6909, -3.84344, -1.3675, 0.270646
0.312665, 5.92066, -32.9543, -4.30044, -0.086739, 0.324298
-0.187726, 5.80111, -31.4841, -4.22757, -0.593018, 0.217101
-1.23484, 5.20363, -31.029, -3.61462, -2.08422, 0.117733
-0.763339, 5.09751, -32.8636, -3.36774, -1.65833, 0.207706
-0.12208, 5.5085, -33.1954, -3.68496, -0.62267, 0.247796
-0.565477, 5.79501, -32.6149, -3.98339, -0.95467, 0.131471
-0.738676, 5.65332, -32.5812, -3.89926, -1.40164, 0.100247
-0.259472, 5.343, -32.5456, -3.58264, -1.063, 0.216881
-0.325818, 5.2648, -32.421, -3.44821, -1.1454, 0.246614
-0.682399, 5.59012, -32.4542, -3.72321, -1.55278, 0.15002
-0.493084, 5.65082, -31.5208, -3.88469, -1.5539, 0.091915
-0.731385, 5.10394, -30.7214, -3.41951, -2.1124, 0.110428
-1.15722, 4.92434, -31.0572, -3.16175, -2.55769, 0.140285
-0.681526, 5.39175, -31.7195, -3.495, -1.9645, 0.126624
-0.286426, 5.70131, -30.9341, -3.77962, -1.45929, 0.070256
-0.892912, 5.46606, -30.618, -3.55263, -2.17222, 0.035946
-0.746044, 5.39987, -30.9658, -3.53748, -1.87863, 0.166353
-0.065466, 5.71405, -31.1814, -3.79282, -0.993926, 0.235033
-0.444635, 5.84948, -30.6318, -3.94672, -1.40185, 0.12293
-0.956186, 5.54851, -30.2256, -3.68154, -2.16697, 0.054263
-0.463545, 5.50204, -31.5365, -3.57248, -1.47905, 0.2133
0.229988, 5.7808, -31.4561, -3.8651, -0.33691, 0.302767
-0.119937, 5.91879, -31.0288, -4.04905, -0.841074, 0.130588
-0.530652, 5.63939, -30.7952, -3.81429, -1.66469, 0.020506
-0.506546, 5.24549, -31.2901, -3.37845, -1.747, 0.14322
-0.324269, 5.3015, -31.8371, -3.42485, -1.17009, 0.249492
-0.00954, 5.84081, -32.1321, -3.90248, -0.666345, 0.199084
0.002728, 5.82472, -31.3503, -3.92119, -1.00548, 0.035481
-0.707487, 5.06108, -31.0067, -3.19665, -2.14044, 0.007711
-0.972583, 4.76712, -32.1152, -2.87278, -2.31656, 0.141995
-0.214736, 5.35533, -32.8992, -3.39113, -1.04823, 0.229038
0.110095, 5.86294, -32.2212, -3.95581, -0.489635, 0.131332
-0.37602, 5.37583, -31.253, -3.55816, -1.29289, 0.026788
-0.682862, 4.84607, -31.7464, -3.06159, -1.70932, 0.113376
-0.320007, 4.93608, -32.744, -3.06003, -1.0604, 0.26027
0.056879, 5.52183, -33.1203, -3.6709, -0.333238, 0.231898
0.036574, 5.6229, -31.8631, -3.86002, -0.705941, 0.12269
-0.529468, 5.29184, -32.2703, -3.60909, -1.63529, 0.11648
-0.353914, 5.02401, -31.625, -3.28491, -1.43155, 0.269537
-0.436032, 4.92284, -31.2129, -3.1696, -1.49458, 0.276074
-0.59709, 5.38911, -32.7982, -3.69315, -1.37011, 0.225745
0.222025, 5.53861, -32.4624, -3.9084, -0.57193, 0.259038
0.177766, 5.03719, -31.3891, -3.43, -0.949528, 0.237279
-0.801691, 4.83884, -31.4968, -3.19599, -2.27373, 0.160846
-0.378081, 5.25568, -33.4522, -3.56799, -1.71007, 0.197364
0.493783, 5.45728, -32.6771, -3.71971, -0.522183, 0.283853
-0.360996, 5.04366, -30.6982, -3.42943, -1.56202, 0.143382
-0.884973, 4.63427, -30.7312, -3.07047, -2.44875, 0.10389
0.042077, 4.67812, -32.021, -2.98835, -1.38837, 0.234852
0.215964, 4.91449, -32.3179, -3.22188, -0.767639, 0.256246
-0.334381, 5.07594, -31.741, -3.43963, -1.43913, 0.165869
-0.057109, 5.07279, -31.9223, -3.43104, -1.43285, 0.196537
0.329861, 5.07095, -31.9019, -3.36518, -0.862046, 0.282927
-0.034524, 5.0915, -31.6723, -3.38767, -1.18679, 0.225809
-0.161307, 5.58125, -32.7454, -3.84549, -1.37042, 0.190535
0.298646, 5.70323, -31.6912, -3.96149, -1.06619, 0.195775
-0.015698, 5.29254, -31.2722, -3.5797, -1.53965, 0.166375
-0.170034, 5.27286, -31.2593, -3.48508, -1.69263, 0.236611
0.3141, 5.27259, -31.1186, -3.45627, -1.21295, 0.316879
-0.124129, 5.09372, -30.6774, -3.30625, -1.67381, 0.26763
-0.365032, 4.98467, -30.7576, -3.17409, -1.95806, 0.275243
0.323947, 5.17136, -31.4352, -3.33877, -1.16605, 0.347936
0.413892, 5.29483, -30.4851, -3.45452, -0.946407, 0.321652
-0.458177, 5.11749, -30.3973, -3.31201, -1.88064, 0.22831
-0.275786, 5.06808, -31.189, -3.1608, -1.89258, 0.280729
0.277606, 4.9732, -30.3029, -3.04826, -1.43169, 0.272866
-0.283616, 5.03881, -30.3693, -3.07682, -1.83085, 0.195493
-0.01202, 5.39024, -31.2505, -3.35823, -1.35264, 0.230348
0.658049, 5.3342, -30.865, -3.28459, -0.672816, 0.291854
-0.15529, 5.08708, -30.5099, -3.0352, -1.52446, 0.247722
-0.5726, 5.00988, -30.0242, -2.92633, -2.16616, 0.225301
0.173791, 5.31638, -30.9629, -3.13427, -1.29708, 0.277216
0.359045, 5.5579, -30.9391, -3.39945, -0.696141, 0.33218
-0.190675, 5.32584, -30.4024, -3.19315, -1.35781, 0.275719
-0.157753, 5.19479, -30.274, -3.06304, -1.64045, 0.196773
0.156481, 5.35527, -30.8002, -3.15827, -1.3716, 0.183408
0.108373, 5.54894, -30.6708, -3.32376, -1.20808, 0.189652
0.091576, 5.71307, -31.0169, -3.45516, -1.07883, 0.253639
0.241779, 5.579, -30.511, -3.35259, -1.10186, 0.253273
-0.235162, 5.16304, -29.3756, -2.99386, -1.87615, 0.170972
-0.532729, 5.1188, -29.8165, -2.95498, -2.11011, 0.191815
0.372166, 5.46553, -30.7995, -3.21992, -0.850756, 0.306792
0.650763, 5.35564, -29.6299, -3.20738, -0.61075, 0.243012
-0.379142, 4.78533, -28.3484, -2.76583, -1.96837, 0.060025
-0.329804, 4.60456, -28.4377, -2.51148, -2.09107, 0.121026
0.625926, 4.83654, -28.3113, -2.65973, -0.867334, 0.205981
0.151475, 4.96421, -27.0809, -2.89728, -1.19862, 0.030377
-0.599395, 4.91363, -27.5179, -2.8916, -2.18077, -0.06289
0.040002, 4.93734, -29.018, -2.84368, -1.43655, 0.138524
0.41252, 5.08914, -28.5013, -2.96086, -0.734279, 0.250299
-0.511411, 5.12925, -28.3223, -3.03919, -1.79996, 0.074654
-0.573339, 5.24393, -29.5721, -3.21136, -2.1925, 0.022571
0.129149, 5.14168, -29.6518, -3.09998, -1.34029, 0.165515
-0.301126, 4.84061, -29.1373, -2.85285, -1.52767, 0.219394
-0.597559, 4.95148, -29.6574, -2.90448, -1.8667, 0.159979
0.061103, 5.25633, -30.553, -3.18351, -1.18213, 0.148177
0.158288, 5.04887, -30.4286, -2.97502, -0.904589, 0.177714
-0.374894, 4.73368, -29.5403, -2.69885, -1.63734, 0.145966
-0.333926, 4.66486, -29.1526, -2.65077, -1.94746, 0.074187
-0.046349, 4.78554, -29.4251, -2.75901, -1.56365, 0.057805
0.045247, 4.69607, -28.5929, -2.71188, -1.26599, 0.097645
-0.187161, 4.44337, -27.8993, -2.51516, -1.71344, 0.089476
-0.27359, 4.47972, -28.1429, -2.58685, -1.95822, 0.078991
-0.058626, 4.66377, -28.3572, -2.76729, -1.71833, 0.061454
-0.238434, 4.70873, -28.0876, -2.81656, -1.89066, 0.039256
-0.425581, 4.75927, -28.7012, -2.81382, -1.83713, 0.130544
-0.116726, 4.56619, -28.0535, -2.68288, -1.45501, 0.201115
-0.334894, 4.36957, -27.8467, -2.5224, -1.83515, 0.146293
-0.558123, 4.46377, -27.7733, -2.63147, -1.9775, 0.095945
-0.137063, 4.5332, -28.0443, -2.66833, -1.47456, 0.151691
0.09382, 4.71436, -29.2445, -2.75368, -0.936062, 0.249757
0.109261, 4.69361, -29.0678, -2.72254, -0.79933, 0.233349
-0.058175, 4.29438, -27.9411, -2.46781, -1.34124, 0.031027
-0.501259, 3.83693, -27.3277, -2.12682, -2.11347, -0.078394
-0.676505, 3.69896, -28.4337, -1.94163, -2.19033, 0.063765
-0.070739, 4.15384, -29.7208, -2.25637, -1.11341, 0.2375
0.267203, 4.4776, -29.1557, -2.63124, -0.783575, 0.144562
-0.181064, 4.37825, -29.331, -2.58641, -1.72482, -0.007911
-0.100167, 4.4246, -30.178, -2.60279, -1.63379, 0.129038
0.327085, 4.55171, -30.4798, -2.62979, -0.761378, 0.364093
0.185309, 4.74556, -30.5766, -2.72339, -0.564316, 0.401509
0.4368, 4.85545, -30.8176, -2.8451, -0.547535, 0.328558
0.603591, 4.72468, -30.9559, -2.65401, -1.07558, 0.372612
-0.003488, 4.8212, -32.343, -2.63881, -1.72158, 0.521112
0.026449, 5.34853, -32.646, -3.11632, -1.34092, 0.601583
0.328623, 5.67871, -31.8913, -3.47955, -1.0363, 0.51101
-0.044182, 5.73393, -32.2054, -3.54816, -1.55552, 0.447985
0.120167, 5.6897, -32.1703, -3.46278, -1.31079, 0.588385
0.007417, 5.37182, -30.4021, -3.15288, -1.48994, 0.561791
-0.677494, 5.41066, -31.0247, -3.22328, -2.09323, 0.428371
-0.204751, 5.43041, -30.2737, -3.29106, -1.63566, 0.365822
-0.013151, 5.01196, -29.4264, -2.87524, -1.61031, 0.320953
-0.651316, 4.70241, -28.386, -2.5577, -2.20044, 0.243632
-0.535588, 4.58226, -29.012, -2.38525, -2.21751, 0.212119
0.190799, 4.99404, -30.9501, -2.63508, -1.19525, 0.265956
0.498838, 5.57511, -30.9916, -3.18282, -0.275273, 0.339818
0.315464, 5.33574, -29.3695, -2.96368, -0.726026, 0.265822
0.017265, 5.28573, -31.1352, -2.82777, -1.4279, 0.145565
0.604715, 5.57989, -32.7586, -2.95963, -0.811435, 0.139699
1.18786, 5.82156, -33.3408, -3.12092, 0.184424, 0.251627
1.14487, 5.94149, -32.6126, -3.31879, 0.260563, 0.2812
0.816636, 5.25244, -30.4123, -2.83889, -0.668704, 0.129689
0.244597, 4.49661, -29.4051, -2.16012, -1.68311, 0.020591
0.231338, 4.76015, -31.4697, -2.27204, -1.33945, 0.063009
1.26539, 5.34634, -31.5827, -2.82052, 0.200585, 0.149103
1.14638, 5.29689, -30.3596, -2.81737, -0.056419, 0.066318
0.1193, 4.7904, -29.0757, -2.43007, -1.58463, -0.094791
0.15669, 4.66681, -29.7635, -2.22444, -1.68714, -0.035302
0.815028, 5.26813, -31.1676, -2.69039, -0.394411, 0.116568
0.927392, 5.73886, -30.2194, -3.17518, 0.024752, 0.151608
0.714926, 5.70065, -29.9176, -3.17446, -0.502109, 0.075861
0.969287, 5.58178, -30.1995, -2.92766, -0.385673, 0.136871
0.831261, 5.35424, -29.279, -2.64597, -0.619097, 0.117557
-0.015797, 5.18255, -28.8667, -2.52399, -1.55218, -0.034959
0.259607, 5.18326, -28.9726, -2.5656, -1.16514, -0.019722
1.04721, 5.29146, -29.4519, -2.61288, -0.112696, 0.17485
0.855295, 5.29866, -28.7992, -2.60559, -0.064894, 0.171938
0.158024, 5.14953, -28.8147, -2.57327, -1.12165, -0.083598
0.250871, 5.30347, -30.2009, -2.66091, -1.12416, -0.072898
0.714021, 5.57908, -30.6449, -2.86504, -0.069874, 0.180674
0.680877, 5.47363, -29.0481, -2.83129, 0.015378, 0.168971
0.275841, 5.39645, -29.2039, -2.77937, -0.711863, 0.013354
0.426948, 5.26009, -29.6503, -2.67524, -0.741405, 0.010015
0.396668, 5.21823, -30.0596, -2.57369, -0.750164, 0.039426
0.381838, 5.55564, -30.4684, -2.81624, -0.449217, 0.073116
0.856318, 5.64707, -30.3896, -2.93305, 0.091937, 0.132309
0.651788, 5.25414, -29.674, -2.63072, -0.267155, 0.166413
-0.280916, 4.68733, -28.4781, -2.1976, -1.34829, 0.141613
-0.359663, 4.72533, -29.607, -2.20155, -1.41389, 0.157528
0.635088, 5.14016, -30.0124, -2.57109, -0.200262, 0.216686
0.334319, 5.06838, -28.8149, -2.51256, -0.490074, 0.119735
-0.388557, 4.79315, -28.3952, -2.26639, -1.44018, -0.001438
-0.005446, 4.67861, -28.9204, -2.10281, -1.20627, 0.026537
0.462017, 4.66751, -28.5221, -2.08698, -0.485728, 0.115246
0.184566, 4.58893, -27.4569, -1.9891, -0.689374, 0.129558
0.077694, 4.70395, -26.85, -2.08684, -0.897587, 0.090756
0.350378, 4.76928, -26.9072, -2.03742, -0.545907, 0.203321
0.222659, 4.83978, -26.242, -2.01103, -0.565277, 0.317097
0.158363, 5.44003, -27.2689, -2.40593, -0.48141, 0.31475
0.817581, 6.12283, -27.337, -3.0166, 0.114973, 0.252769
0.767785, 6.22125, -26.6597, -3.09214, -0.028534, 0.219446
0.005485, 6.32505, -27.057, -3.13903, -0.517892, 0.255941
0.418997, 6.60323, -28.1775, -3.29164, 0.133155, 0.382116
0.783086, 6.58694, -27.237, -3.25387, 0.163384, 0.266655
-0.240402, 6.27069, -26.9347, -2.99012, -1.39848, -0.060867
0.004149, 6.23533, -27.494, -2.98263, -1.20407, -0.00849
0.993047, 6.2841, -27.8437, -2.98263, 0.323943, 0.257288
0.863075, 6.15328, -27.5625, -2.91632, 0.636164, 0.283039
0.649244, 5.85005, -26.9837, -2.83935, -0.093003, 0.094459
0.977259, 5.61589, -26.56, -2.8537, -0.109479, 0.045613
0.939822, 5.31933, -26.8752, -2.69804, 0.00993, 0.090866
0.903733, 5.17359, -26.7206, -2.64966, 0.171767, 0.129287
1.17458, 5.42287, -27.8423, -2.91259, 0.302466, 0.079675
1.36612, 5.41992, -27.5772, -2.96429, 0.199179, -0.008148
