Fx [N], Fy [N], Fz [N], Mx [Nm], My [Nm], Mz [Nm]
-0.185192, 0.17767, -6.06499, 0.030011, -0.124837, -0.049055
-0.241687, 0.184392, -6.39909, 0.002352, -0.327127, -0.060357
-0.287126, 0.218605, -6.85609, -0.175396, -0.588563, -0.049022
-0.302056, 0.228092, -7.28071, -0.322418, -0.699548, -0.026271
-0.293736, 0.224014, -7.63698, -0.401017, -0.728367, -0.012746
-0.247279, 0.19564, -7.96133, -0.449017, -0.634136, -0.007067
-0.211085, 0.156924, -8.40821, -0.40571, -0.583845, -0.010914
-0.205446, 0.106329, -8.82731, -0.307409, -0.521377, -0.04542
-0.205958, 0.049197, -9.04007, -0.241366, -0.461137, -0.035505
-0.224027, 0.015599, -9.02598, -0.171988, -0.415895, 0.033266
-0.260436, -0.013852, -9.45807, -0.08024, -0.433721, 0.124186
-0.286827, -0.037941, -9.81371, 0.011557, -0.397935, 0.134288
-0.337333, -0.051864, -9.93761, 0.146197, -0.413185, 0.141822
-0.439756, -0.060278, -10.3715, 0.328092, -0.605489, 0.125201
-0.541972, -0.020392, -11.0409, 0.349542, -0.755505, 0.065886
-0.599219, 0.023834, -11.4722, 0.282702, -0.819654, 0.053042
-0.681125, 0.084514, -12.0091, 0.226809, -0.912476, 0.083888
-0.757799, 0.148837, -12.8124, 0.075779, -0.958502, 0.106462
-0.751096, 0.194372, -12.696, -0.161056, -0.8283, 0.058978
-0.799518, 0.184018, -12.7075, -0.267433, -0.895309, 0.090997
-0.903021, 0.174218, -13.6238, -0.350572, -1.14246, 0.144785
-0.969559, 0.148897, -14.146, -0.366102, -1.21904, 0.093862
-0.946234, 0.1016, -13.5236, -0.310828, -1.27032, 0.003341
-1.05933, 0.033594, -14.065, -0.139394, -1.74958, 0.094405
-1.11319, 0.029627, -15.0111, -0.079415, -1.8864, 0.160465
-1.07245, 0.061696, -15.0637, -0.163647, -1.56817, 0.193869
-1.08444, 0.046439, -15.0314, -0.012195, -1.36609, 0.186265
-1.14097, 0.058106, -15.3727, 0.004016, -1.3894, 0.217146
-1.22619, 0.067173, -15.5068, -0.055095, -1.3542, 0.252908
-1.29927, 0.056917, -15.2896, -0.047711, -1.28872, 0.232792
-1.35458, 0.056952, -14.6814, -0.083338, -1.15998, 0.164121
-1.44523, 0.049169, -14.5323, -0.095091, -1.21603, 0.071442
-1.55106, 0.005938, -14.7953, -0.021348, -1.46476, -0.034684
-1.58941, -0.000712, -14.7132, 0.157719, -1.65098, -0.099038
-1.67418, 0.019932, -15.1171, 0.325076, -2.30581, -0.062469
-1.69171, 0.068597, -15.8775, 0.147898, -2.75533, -0.031611
-1.60612, 0.08935, -16.1835, 0.021197, -2.85537, -0.002113
-1.49495, 0.081887, -16.3693, -0.007457, -2.82955, -0.008014
-1.4353, 0.057792, -16.9961, -0.091159, -2.74747, -0.014998
-1.28516, 0.028916, -16.8413, -0.254072, -2.38647, 0.123069
-1.21197, -0.085539, -16.4222, -0.136577, -2.06558, 0.214971
-1.20538, -0.22688, -16.5556, 0.00784, -1.94881, 0.152424
-1.18537, -0.367955, -16.2007, 0.17578, -1.77896, 0.051262
-1.16845, -0.481348, -15.5256, 0.282435, -1.61197, 0.14161
-1.17622, -0.596496, -15.6183, 0.499582, -1.72634, 0.239892
-1.22587, -0.687816, -16.2731, 0.730661, -1.98452, 0.227772
-1.25709, -0.779269, -16.698, 1.01422, -2.18615, 0.228409
-1.31947, -0.859741, -17.3443, 1.15282, -2.22652, 0.26589
-1.30581, -0.889243, -17.9674, 1.01584, -1.86799, 0.263389
-1.3247, -0.916208, -17.6389, 1.1739, -1.53683, 0.09666
-1.47855, -0.879681, -17.4262, 1.34647, -1.52237, 0.02866
-1.70592, -0.761159, -17.3093, 1.16485, -1.53335, 0.05909
-1.97404, -0.574369, -17.0625, 1.04304, -1.58197, 0.041905
-2.29851, -0.401508, -17.1596, 1.13534, -1.92996, -0.112512
-2.69438, -0.06748, -18.0949, 0.930468, -2.55039, -0.156386
-3.06364, 0.251011, -19.6386, 0.658654, -3.15622, -0.207348
-3.32895, 0.557072, -20.6782, 0.362096, -3.55081, -0.365454
-3.43805, 0.804165, -20.7605, 0.070783, -3.33824, -0.348631
-3.35022, 0.97082, -19.7333, -0.098862, -2.65202, -0.295843
-3.49598, 1.11861, -19.4369, -0.181334, -2.18582, -0.221109
-3.72193, 1.31234, -19.721, -0.285328, -1.58855, 0.001348
-3.59553, 1.29378, -18.0341, -0.16175, -0.708073, -0.037515
-3.76918, 1.30728, -17.7095, 0.052645, -1.28591, -0.111159
-4.27328, 1.53605, -19.7176, -0.498243, -3.25278, -0.132559
-4.13161, 1.52085, -19.3162, -1.06753, -4.02728, -0.04647
-3.94146, 1.34794, -19.3073, -1.63076, -4.80529, 0.015205
-4.05205, 1.27268, -20.8177, -2.11325, -5.31341, 0.091674
-3.85338, 0.954906, -20.2016, -1.95811, -4.7621, 0.158917
-3.19288, 0.505212, -17.3414, -1.48441, -3.57917, 0.222596
-3.04864, 0.209924, -16.7096, -1.12662, -3.28582, 0.216946
-3.27808, 0.076679, -17.9577, -0.912412, -3.37932, 0.214023
-3.18959, 0.019632, -17.3608, -0.703221, -2.87957, 0.170112
-3.30774, -0.086028, -17.3996, 0.183649, -3.70995, 0.001233
-3.63014, 0.029251, -19.1292, 0.379385, -4.72836, -0.041947
-3.75761, 0.220699, -19.9839, 0.249857, -5.04868, -0.069938
-3.51422, 0.276797, -19.0594, 0.093645, -4.83592, -0.057886
-3.38888, 0.303502, -18.7164, 0.11861, -4.82463, -0.091011
-3.58639, 0.420454, -20.0131, 0.069568, -5.00557, -0.104946
-3.50806, 0.507614, -19.9225, -0.393929, -4.07198, -0.028062
-3.26427, 0.449778, -18.5103, -0.504993, -3.3129, 0.013915
-3.4106, 0.447905, -18.7511, -0.18481, -3.27254, -0.018169
-3.72289, 0.553789, -19.7632, -0.264014, -3.32487, -0.006499
-3.75844, 0.580831, -19.4259, -0.488931, -2.82506, 0.027152
-3.69667, 0.564292, -18.7302, -0.225015, -2.62397, -0.034362
-3.83799, 0.608472, -18.7396, 0.119053, -3.3095, -0.115052
-3.9484, 0.725972, -19.1713, -0.150047, -4.52208, -0.099449
-4.29013, 0.810408, -21.257, -0.775812, -5.79538, -0.032655
-4.08491, 0.793681, -21.034, -1.23279, -5.55903, 0.058733
-3.74107, 0.621958, -19.7334, -1.28405, -5.20438, 0.106031
-3.44608, 0.345769, -19.2184, -1.06957, -5.05692, 0.135047
-3.44615, 0.078618, -19.878, -0.86286, -4.96581, 0.172282
-3.1517, -0.154995, -19.0158, -0.599133, -4.37442, 0.188762
-2.9489, -0.29317, -17.8305, -0.244607, -4.14217, 0.127097
-3.04066, -0.416777, -18.5107, 0.41188, -4.6742, 0.050788
-3.01783, -0.370263, -18.7424, 0.659774, -4.69971, 0.013309
-2.82518, -0.319729, -18.0128, 0.690155, -4.52692, 0.002819
-3.02602, -0.289293, -19.5181, 0.598715, -5.01524, -0.009007
-3.08297, -0.305847, -20.6187, 0.198853, -5.11177, 0.06316
-2.80553, -0.311575, -19.5799, -0.053955, -4.31768, 0.103117
-2.50598, -0.363035, -17.8218, 0.182185, -3.86636, 0.062712
-2.65394, -0.40677, -18.2887, 0.964668, -4.22684, -0.020364
-2.85398, -0.322958, -19.9699, 1.04561, -4.37644, -0.056056
-3.06526, -0.179455, -21.1363, 0.767801, -4.15998, -0.029095
-2.89818, -0.000477, -19.411, 0.497095, -3.46212, -0.056275
-3.04305, 0.094249, -19.0149, 0.427446, -3.49184, -0.068128
-3.45364, 0.148428, -20.9636, -0.00526, -3.96457, 0.015446
-3.44649, 0.142516, -20.6692, -0.456771, -3.98796, 0.103149
-3.22543, 0.035785, -19.3704, -0.367715, -4.38494, 0.083569
-3.25206, -0.072308, -19.7633, 0.037585, -5.13505, 0.016217
-3.22321, -0.141363, -20.8667, 0.096899, -5.47037, 0.052355
-3.0645, -0.267971, -21.4116, 0.17796, -5.35565, 0.071414
-2.92007, -0.380301, -21.4958, 0.459797, -5.196, 0.04925
-2.8897, -0.4955, -22.4659, 0.433357, -5.11017, 0.056079
-2.56416, -0.617634, -21.3736, 0.372571, -4.20826, 0.107637
-2.25797, -0.827518, -19.3724, 0.567181, -3.53156, 0.123978
-2.16431, -0.955518, -18.8942, 0.864956, -3.46565, 0.113415
-2.19591, -1.04595, -19.1693, 1.67586, -3.94786, 0.045216
-2.1835, -0.962409, -20.2987, 1.90346, -4.08668, 0.020865
-2.18157, -0.904882, -22.2156, 1.84016, -4.22013, 0.019099
-2.02024, -0.840276, -22.0611, 1.52232, -3.97686, 0.009772
-1.79391, -0.801409, -21.3665, 1.33984, -3.58771, 0.017828
-1.77466, -0.912044, -22.1532, 1.21351, -3.34124, 0.058548
-1.61301, -1.01968, -21.1071, 1.20425, -2.70169, 0.070227
-1.51775, -1.11342, -19.8027, 1.35087, -2.39084, 0.05498
-1.62096, -1.19129, -20.1901, 1.88446, -2.37052, -0.007848
-1.81723, -1.18165, -20.794, 2.25213, -2.71728, -0.025447
-1.97103, -1.04161, -21.0607, 2.04054, -2.88269, -0.036014
-2.08857, -0.968053, -21.737, 1.91619, -3.05646, -0.020837
-2.16544, -0.876168, -21.8812, 1.73386, -3.12922, -0.041926
-2.21255, -0.850155, -21.3856, 1.69386, -3.37171, -0.038532
-2.23854, -0.874312, -21.8182, 1.48229, -4.03834, 0.033251
-2.24204, -1.02575, -23.3991, 1.51611, -4.1307, 0.059043
-2.09541, -1.04398, -23.1455, 1.33807, -3.59937, 0.047398
-1.86709, -1.00516, -20.816, 1.27102, -3.16671, 0.04791
-2.04674, -1.16476, -22.261, 1.92101, -3.78387, 0.04309
-2.08892, -1.22672, -23.7602, 2.38009, -3.65087, -0.009858
-2.12348, -1.03988, -23.3174, 1.97363, -3.03498, -0.045814
-2.14573, -0.884472, -21.9264, 1.61936, -2.87205, -0.046925
-2.50099, -0.862564, -22.8432, 1.50336, -3.20844, -0.039364
-2.77764, -0.868631, -23.8585, 1.40992, -3.38222, -0.01283
-2.91441, -0.795057, -22.5953, 1.17125, -3.28972, -0.019298
-2.97297, -0.806792, -22.1859, 1.28731, -3.59082, -0.038821
-3.39867, -0.931744, -24.5308, 1.6514, -4.71189, -0.058927
-3.41031, -0.920385, -24.7954, 1.44663, -4.21209, -0.028337
-3.21034, -0.812468, -23.1393, 1.16291, -3.78527, -0.025363
-3.26676, -0.833487, -23.2832, 1.44972, -4.08449, -0.056558
-3.50146, -0.879694, -24.2568, 1.85274, -4.63604, -0.076944
-3.53941, -0.783052, -24.4609, 1.70793, -4.63245, -0.072979
-3.63482, -0.72375, -24.7839, 1.27898, -4.61599, -0.044304
-3.65233, -0.730639, -25.0811, 0.725432, -5.06544, 0.042053
-3.6889, -0.88834, -25.5491, 0.800587, -5.44218, 0.101493
-3.36309, -1.03995, -24.3212, 0.919769, -5.18186, 0.104429
-3.11541, -1.27919, -23.7038, 1.31209, -5.00981, 0.096368
-3.0392, -1.55787, -24.5883, 1.80769, -5.01946, 0.115511
-2.9222, -1.63322, -24.6794, 1.82919, -4.60262, 0.119109
-2.67662, -1.59444, -23.0149, 1.79221, -4.17342, 0.088841
-2.75189, -1.65765, -23.0536, 2.2842, -4.35782, 0.043755
-2.87803, -1.73689, -24.1866, 2.65636, -4.14963, -0.010004
-2.86031, -1.61316, -24.0442, 2.29468, -3.68892, -0.006207
-2.86902, -1.50945, -23.1032, 2.42927, -3.74259, -0.060077
-3.07045, -1.48133, -23.7133, 2.68663, -4.31643, -0.079554
-3.22169, -1.4239, -24.5943, 2.51412, -4.4798, -0.039208
-3.08765, -1.31286, -23.9222, 1.96181, -4.29825, 0.000654
-3.09174, -1.3574, -23.4869, 2.07098, -5.11839, 0.020162
-3.05664, -1.46265, -24.7877, 2.21763, -5.40415, 0.035446
-2.87803, -1.61148, -25.5215, 2.19995, -5.19672, 0.091942
-2.50981, -1.74866, -24.8659, 2.27806, -4.55537, 0.112851
-2.27463, -2.02497, -24.9964, 2.55102, -4.06768, 0.095039
-2.02478, -2.27074, -24.1351, 2.5976, -3.3476, 0.107374
-1.65939, -2.41272, -22.0726, 2.57094, -2.65182, 0.133181
-1.41347, -2.42811, -20.3554, 2.80777, -2.48362, 0.132173
-1.27042, -2.6277, -21.151, 3.84306, -2.62659, 0.094484
-1.13976, -2.69323, -22.7519, 4.38097, -2.49692, 0.092266
-0.857354, -2.60115, -23.1584, 4.44909, -2.06013, 0.086524
-0.625179, -2.46703, -23.4798, 4.36758, -1.67349, 0.04209
-0.473809, -2.31282, -23.2471, 4.12337, -1.35391, 0.027825
-0.388042, -2.29455, -23.6774, 3.79636, -1.05657, 0.053901
-0.321262, -2.21339, -22.8658, 3.30147, -0.508388, 0.034679
-0.377855, -2.0827, -21.1765, 3.36542, -0.395256, -0.030182
-0.592961, -2.03835, -21.517, 3.64795, -0.750427, -0.041443
-0.897498, -1.90646, -22.1143, 3.46683, -1.18424, -0.028569
-1.12161, -1.67071, -22.0608, 3.07994, -1.5423, -0.012558
-1.46574, -1.55734, -22.4453, 2.97173, -2.10956, -0.056431
-1.6939, -1.39215, -22.9431, 2.67127, -2.45809, -0.053778
-1.83743, -1.29609, -23.0123, 2.31026, -2.58355, -0.034598
-1.82683, -1.28357, -22.6849, 2.33222, -2.9351, -0.007185
-1.95378, -1.36815, -24.0935, 2.60192, -3.51023, -0.007837
-1.84218, -1.30567, -23.8323, 2.01019, -3.27771, 0.019908
-1.67019, -1.35637, -22.6116, 1.78295, -2.88704, 0.03773
-1.49696, -1.61393, -22.7339, 2.19746, -2.78502, 0.062036
-1.36138, -1.80213, -22.879, 2.57349, -2.64853, 0.071925
-1.2227, -1.85886, -21.8598, 2.7769, -2.48672, 0.076293
-1.08149, -1.96707, -22.4428, 3.05529, -2.33512, 0.075339
-0.936326, -2.04622, -22.6998, 3.34368, -2.14136, 0.077179
-0.835322, -2.10201, -23.1472, 3.28948, -1.93992, 0.080828
-0.669686, -2.14725, -22.9756, 2.95545, -1.4109, 0.034131
-0.630866, -2.36672, -23.0452, 3.14377, -1.17853, 0.019745
-0.610685, -2.56468, -22.883, 3.2452, -0.88552, 0.03625
-0.655785, -2.5214, -20.798, 2.97885, -0.622351, -0.016569
-0.784826, -2.53367, -19.9947, 3.10302, -0.550107, -0.050572
-1.09618, -2.62015, -20.9812, 3.81716, -0.97541, -0.077688
-1.45406, -2.46296, -21.4141, 3.99856, -1.5755, -0.080057
-1.77223, -2.11178, -21.2463, 3.65481, -2.10229, -0.08801
-2.11956, -1.8364, -22.471, 3.38265, -2.71826, -0.109131
-2.58495, -1.59701, -23.7059, 2.94872, -3.18256, -0.118049
-2.85053, -1.34173, -23.8553, 2.26812, -3.16275, -0.09644
-3.03578, -1.18329, -22.9306, 1.83335, -3.01539, -0.072119
-3.25288, -1.1073, -22.4938, 1.89694, -3.19846, -0.11071
-3.83761, -1.05482, -24.452, 1.93686, -3.86949, -0.11061
-3.81742, -0.797471, -22.762, 1.63565, -3.49029, -0.11798
-4.01947, -0.625351, -22.8609, 1.64047, -4.06024, -0.162358
-4.65542, -0.536029, -25.7636, 1.50778, -4.94431, -0.164712
-4.30559, -0.350319, -23.4622, 0.980986, -3.86586, -0.084842
-3.93195, -0.298599, -21.0486, 0.816278, -3.59494, -0.080003
-4.50975, -0.353242, -23.6854, 0.524116, -5.70221, 0.014655
-4.66669, -0.422468, -25.3872, 0.250127, -5.88812, 0.071942
-4.37632, -0.480121, -23.8524, 0.349241, -4.38895, 0.045355
-3.94977, -0.460393, -21.2013, 0.530829, -3.00169, -0.016246
-4.42999, -0.465243, -22.579, 0.55697, -3.17376, -0.034499
-4.72864, -0.392714, -23.4001, 0.725351, -2.908, -0.052965
-4.58787, -0.115532, -21.372, 0.913775, -2.05459, -0.176852
-4.80339, 0.194644, -21.339, 1.1282, -2.43412, -0.257897
-5.72181, 0.709285, -24.1429, 0.860959, -3.20326, -0.265596
-6.0206, 1.06723, -24.987, 0.643193, -2.36281, -0.166699
-5.64054, 1.25333, -22.9495, 0.555689, -0.462688, -0.187017
-5.67244, 1.3459, -22.7089, 0.30165, -0.661258, -0.190739
-6.14192, 1.46044, -24.2117, -0.633849, -2.24926, 0.025811
-5.85693, 1.30806, -23.1493, -1.18054, -2.12667, 0.186315
-5.48791, 1.07253, -21.6728, -1.44675, -2.05965, 0.270736
-5.43915, 0.833265, -21.3738, -1.70209, -3.14379, 0.325068
-5.55026, 0.506553, -22.2, -1.77842, -4.33091, 0.400164
-5.41539, 0.12874, -22.2972, -1.65699, -4.7002, 0.448094
-5.1199, -0.297969, -21.5419, -1.21056, -4.9833, 0.413729
-5.11951, -0.692345, -22.1788, -0.852391, -5.06108, 0.417106
-4.89921, -1.01547, -21.7543, -0.67765, -4.05521, 0.414234
-4.40784, -1.08734, -19.7409, -0.452649, -2.98119, 0.336014
-4.26088, -1.08325, -18.9676, 0.477933, -2.69404, 0.070377
-4.50366, -0.959584, -19.4739, 1.1814, -3.48669, -0.058283
-5.10421, -0.755772, -21.6684, 1.52959, -4.78957, -0.158622
-5.39027, -0.481988, -22.7057, 1.45165, -5.51554, -0.202207
-5.53117, -0.300946, -23.1474, 1.17416, -5.80167, -0.191482
-5.55464, -0.250691, -23.5689, 0.037772, -5.30186, 0.081801
-5.41566, -0.357285, -23.1084, -0.43135, -4.37411, 0.193955
-5.12589, -0.465005, -21.8708, -0.442887, -3.9148, 0.217911
-5.18906, -0.569678, -21.8212, 0.386579, -5.6702, 0.077431
-5.40027, -0.585862, -22.8967, 0.962069, -7.29997, -0.00209
-5.76505, -0.550247, -25.3293, 0.979764, -8.40192, 0.027069
-5.44853, -0.54981, -24.8845, 0.454191, -8.0475, 0.08117
-4.93344, -0.703621, -23.661, 0.501498, -7.55943, 0.123155
-4.77273, -1.02628, -24.0322, 0.866213, -7.48952, 0.166016
-4.5708, -1.41508, -24.9253, 1.01837, -6.93028, 0.250469
-4.21195, -1.88943, -24.2795, 1.32855, -5.95759, 0.289084
-3.67885, -2.06669, -22.0478, 1.53126, -4.99265, 0.229862
-3.49527, -2.16787, -21.2568, 1.87615, -4.72046, 0.18905
-3.47681, -2.16607, -21.1656, 2.66268, -4.28978, 0.03755
-3.61808, -2.00142, -21.251, 2.97821, -4.51521, -0.05034
-3.89098, -1.73617, -21.9478, 2.98598, -4.93256, -0.157408
-4.12715, -1.38422, -22.365, 2.65031, -5.06927, -0.181958
-4.47011, -1.16418, -23.2676, 2.25413, -5.1203, -0.152322
-4.54847, -0.959614, -23.3669, 1.72148, -4.66539, -0.121657
-4.48384, -0.789169, -22.1499, 1.6046, -4.46999, -0.173739
-4.63244, -0.725705, -22.4118, 1.84997, -5.2968, -0.201188
-5.04539, -0.598488, -24.0395, 1.77379, -5.84197, -0.210413
-4.80185, -0.38498, -23.0217, 1.58846, -5.5034, -0.210477
-4.81448, -0.189926, -22.8317, 1.44681, -6.02504, -0.241882
-5.32199, 0.027651, -25.4641, 1.17461, -7.05596, -0.252302
-5.36961, 0.176516, -25.7347, 0.865654, -6.61819, -0.186791
-4.85382, 0.248013, -23.5941, 0.368711, -5.74642, -0.117653
-5.11961, 0.228098, -24.5856, -0.2504, -6.74885, 0.002466
-5.28932, 0.045182, -25.5833, -0.47152, -6.56408, 0.112604
-5.02282, -0.311079, -23.9404, -0.433054, -5.23926, 0.169905
-4.77188, -0.680147, -22.4681, -0.425866, -4.03822, 0.237938
-4.54263, -0.901937, -21.3392, -0.190153, -3.39149, 0.209537
-4.51745, -0.962255, -20.6738, 0.998759, -4.22141, 0.000409
-4.92029, -0.849396, -22.3438, 1.6471, -5.72989, -0.107773
-5.48874, -0.575964, -24.9018, 1.77051, -6.94491, -0.195211
-5.50981, -0.177947, -25.3509, 1.51555, -7.03245, -0.264071
-5.51754, 0.125975, -25.218, 1.11124, -6.49284, -0.273325
-5.65655, 0.344165, -25.8761, 0.29831, -5.5597, -0.135093
-5.69867, 0.333961, -25.1797, 0.066164, -4.57357, -0.043577
-5.5838, 0.321543, -24.1902, 0.044811, -4.01161, -0.036112
-5.79061, 0.269014, -24.464, -0.020171, -4.77467, -0.027681
-6.11674, 0.285453, -25.5785, -0.283052, -5.77898, 0.026352
-5.9757, 0.331206, -25.538, -0.120787, -4.94423, 0.011264
-5.72484, 0.301823, -24.0146, 0.61683, -5.01151, -0.193928
-5.92215, 0.398625, -24.6387, 0.47722, -6.86762, -0.223741
-6.50277, 0.531761, -27.2438, -0.034935, -8.30291, -0.114187
-6.15669, 0.531231, -26.6143, -0.840478, -7.46334, 0.084883
-5.68657, 0.309707, -24.597, -0.973927, -7.07298, 0.151801
-5.51594, 0.006377, -24.5657, -0.719354, -7.6302, 0.169489
-5.41847, -0.372502, -25.2196, -0.398549, -7.77079, 0.237033
-4.97563, -0.844542, -24.5746, 0.06962, -7.15733, 0.287488
-4.57149, -1.24947, -23.6697, 0.619992, -6.65721, 0.249414
-4.32074, -1.59865, -23.5482, 1.28788, -6.6403, 0.226818
-3.97272, -1.9178, -23.5474, 1.82935, -6.36992, 0.261687
-3.35316, -2.11167, -22.6124, 2.28837, -5.67368, 0.230337
-2.92912, -2.42641, -22.5789, 3.01267, -5.20611, 0.1976
-2.54908, -2.8094, -23.6305, 3.47465, -4.56208, 0.198728
-1.89118, -3.09812, -22.8739, 3.44003, -3.35674, 0.214863
-1.41284, -3.17292, -20.8542, 3.17374, -2.42602, 0.21298
-1.08873, -3.24351, -19.9503, 3.26517, -1.98213, 0.168905
-1.02127, -3.31324, -19.6574, 3.94672, -1.98738, 0.185069
-0.924108, -3.29436, -19.7318, 4.63268, -1.80442, 0.107668
-0.915482, -3.09849, -19.8176, 4.85964, -1.73552, 0.061824
-0.962829, -3.04508, -20.9405, 4.98558, -1.87221, 0.057713
-0.924477, -2.99581, -21.4221, 4.76646, -1.88192, 0.08764
-0.762741, -2.82862, -20.4162, 3.67513, -1.58982, 0.132822
-0.483111, -2.86609, -19.2522, 3.65612, -1.39601, 0.105174
-0.147637, -2.86683, -18.3582, 3.8106, -1.04269, 0.151892
0.248287, -2.93559, -18.8773, 4.19546, -0.536213, 0.175203
0.711206, -3.02015, -20.1599, 4.57343, 0.091635, 0.194072
1.18092, -3.00196, -20.9456, 4.6237, 0.742377, 0.187178
1.52972, -2.75846, -20.2465, 4.17345, 1.14771, 0.142515
1.88257, -2.64559, -20.3126, 3.90138, 1.4714, 0.202862
2.12089, -2.47696, -19.4798, 3.64828, 1.6995, 0.207236
2.38107, -2.50979, -19.8583, 3.49181, 1.95877, 0.191297
2.58699, -2.48832, -19.9811, 3.18293, 2.17079, 0.112655
2.42786, -2.20281, -18.0768, 3.01171, 2.00174, 0.153733
2.52467, -2.20916, -18.3968, 3.54802, 2.45634, 0.199601
2.71931, -2.20204, -20.0008, 3.8285, 3.31542, 0.180457
2.70231, -1.98166, -20.0396, 3.47536, 3.77384, 0.111522
2.39965, -1.795, -19.2851, 3.14484, 3.65396, 0.04778
2.20997, -1.72969, -19.3065, 2.91278, 3.5433, 0.011848
1.98306, -1.66928, -18.5716, 2.70858, 3.28716, 0.011964
1.73108, -1.57599, -17.1751, 2.69877, 2.91718, 0.028973
1.65674, -1.59945, -17.9028, 3.10532, 2.54008, 0.059766
1.73144, -1.46164, -19.1058, 2.96507, 2.50864, 0.066466
1.8921, -1.3222, -20.0619, 2.69028, 2.6553, 0.092849
2.01474, -1.23073, -20.0292, 2.40002, 2.61438, 0.100489
2.23037, -1.29454, -21.0003, 2.13263, 2.71882, 0.051114
2.54745, -1.41338, -21.2888, 1.8962, 3.0951, 0.019275
2.5011, -1.64436, -19.9533, 1.91032, 2.98467, -0.009845
2.50717, -1.84005, -19.0018, 1.98241, 2.91256, -0.006528
2.41902, -1.86519, -18.2759, 2.23623, 3.00554, -0.009342
2.44438, -2.05063, -19.7242, 3.20888, 3.44247, 0.056272
