Fx [N], Fy [N], Fz [N], Mx [Nm], My [Nm], Mz [Nm]
0.141968, -0.158225, -3.64742, 0.422446, 0.217501, 0.045843
0.116855, -0.192687, -4.30623, 0.453433, 0.152544, 0.006688
0.108287, -0.187842, -5.34842, 0.444739, 0.098304, -0.05265
0.107571, -0.164724, -6.71038, 0.453194, 0.097353, -0.092236
0.015315, -0.221966, -8.50831, 0.581023, -0.014472, -0.146618
-0.103084, -0.164626, -10.1117, 0.382794, -0.156832, -0.25047
-0.155017, -0.115135, -11.2076, 0.227654, -0.214786, -0.257099
-0.184976, -0.110069, -12.0848, 0.176703, -0.303289, -0.233929
-0.270833, -0.15457, -12.6707, 0.184547, -0.503703, -0.18524
-0.339105, -0.175715, -13.3304, 0.269301, -0.735216, -0.113242
-0.398646, -0.26841, -14.1943, 0.550136, -1.01862, -0.042364
-0.487249, -0.381634, -14.6625, 0.905488, -1.17452, -0.017037
-0.485271, -0.424422, -15.3956, 1.02783, -1.1568, 0.113477
-0.52358, -0.475051, -15.8794, 1.11164, -1.10028, 0.148841
-0.538295, -0.461762, -16.1368, 1.06092, -1.02978, 0.177369
-0.527466, -0.447933, -16.5156, 1.007, -0.935168, 0.183419
-0.610765, -0.474802, -17.0353, 1.10365, -0.981356, 0.136332
-0.603218, -0.444823, -17.4308, 0.938384, -0.953951, 0.12995
-0.639304, -0.386761, -17.3083, 0.738834, -1.00765, 0.1545
-0.691066, -0.418591, -17.8286, 0.932569, -1.22953, 0.144333
-0.755012, -0.455223, -18.7934, 0.992986, -1.31177, 0.007871
-0.768951, -0.418903, -18.552, 0.729664, -1.30127, -0.036714
-0.852764, -0.4591, -18.5534, 0.972019, -1.60335, 0.081753
-0.894354, -0.508258, -19.5949, 1.25261, -1.57816, 0.167904
-0.843635, -0.45102, -19.4917, 1.07495, -1.25621, 0.087637
-0.844653, -0.394631, -18.4739, 0.959864, -1.17419, -0.00288
-0.986504, -0.413378, -19.0449, 0.993646, -1.42892, 0.07017
-1.05727, -0.341933, -19.8832, 0.696877, -1.52102, 0.165777
-1.00412, -0.239655, -19.0324, 0.333623, -1.44268, 0.136312
-1.05665, -0.27654, -18.7186, 0.297339, -1.68062, 0.016531
-1.14415, -0.385474, -19.3703, 0.493627, -2.057, -0.045577
-1.10649, -0.356311, -19.4372, 0.419261, -1.94911, -0.035794
-1.05681, -0.343895, -19.4675, 0.460161, -1.91257, 0.048474
-1.15497, -0.470221, -20.0489, 0.909938, -2.26017, 0.105522
-1.19358, -0.532069, -20.5611, 0.976663, -2.33064, 0.121967
-1.10471, -0.478389, -20.0263, 0.787663, -2.04578, 0.163454
-1.08373, -0.507907, -20.0741, 0.832406, -1.82548, 0.189315
-1.03279, -0.5104, -20.3857, 0.689133, -1.57506, 0.08511
-0.989834, -0.43024, -19.6247, 0.478054, -1.51031, 0.056523
-0.973289, -0.438634, -19.3005, 0.624897, -1.84962, 0.101071
-1.0539, -0.567614, -19.7342, 1.03855, -2.17121, 0.025562
-1.01128, -0.582599, -19.8447, 1.02725, -2.09963, -0.041105
-0.981995, -0.55886, -20.0074, 1.00068, -2.02379, -0.090165
-1.01197, -0.628536, -20.7245, 1.02406, -2.1189, 0.037345
-0.918292, -0.575809, -20.4854, 0.694242, -1.73524, 0.114391
-0.759725, -0.464417, -19.0597, 0.465987, -1.24356, 0.069571
-0.673047, -0.48417, -18.5526, 0.571107, -1.14766, -0.028386
-0.747114, -0.623442, -19.2084, 1.03635, -1.55337, -0.05907
-0.796244, -0.665232, -19.5715, 1.41587, -1.72337, 0.079915
-0.810139, -0.680375, -19.7947, 1.5531, -1.68957, 0.15644
-0.86993, -0.741544, -20.5388, 1.65469, -1.78386, 0.063032
-0.875221, -0.727252, -20.8578, 1.45479, -1.83729, -0.030607
-0.812931, -0.627456, -20.461, 0.95865, -1.62948, -0.075783
-0.766711, -0.613075, -20.7103, 0.823889, -1.47507, -0.019343
-0.709291, -0.599075, -20.9624, 0.7755, -1.34457, -0.01382
-0.701771, -0.588445, -20.5878, 0.797123, -1.35526, -0.008069
-0.729685, -0.661731, -20.7961, 1.13097, -1.61859, 0.032841
-0.731122, -0.724803, -21.2308, 1.3861, -1.66681, 0.072246
-0.693577, -0.721194, -20.9565, 1.44896, -1.60146, 0.091362
-0.726531, -0.762126, -21.0638, 1.56082, -1.6112, 0.119794
-0.701609, -0.752854, -21.8317, 1.26759, -1.40822, 0.151461
-0.618305, -0.638966, -21.4791, 0.87618, -0.898759, 0.037761
-0.568569, -0.583187, -20.5115, 0.912495, -0.673686, -0.055137
-0.621671, -0.627824, -20.6042, 1.25691, -0.758193, -0.049649
-0.736522, -0.630097, -21.0092, 1.42175, -0.993518, 0.049228
-0.884413, -0.579098, -21.1969, 1.37335, -1.20166, 0.098136
-0.993016, -0.476003, -21.0013, 1.15014, -1.27912, 0.064446
-1.10813, -0.379853, -20.9901, 0.950906, -1.33087, -0.027063
-1.25646, -0.319021, -21.0676, 0.831813, -1.50706, -0.070011
-1.35793, -0.230565, -21.2194, 0.573195, -1.54271, -0.061093
-1.35594, -0.127461, -20.7665, 0.280188, -1.46059, -0.078764
-1.48868, -0.150988, -20.5785, 0.46383, -1.78067, -0.116777
-1.7109, -0.247069, -21.4005, 0.762406, -2.38106, -0.107604
-1.74397, -0.226063, -21.4536, 0.679751, -2.41665, -0.046219
-1.69663, -0.161907, -21.1104, 0.510248, -2.47946, -0.048638
-1.78999, -0.212502, -21.8105, 0.608557, -3.07172, -0.105978
-1.7888, -0.215889, -22.0852, 0.299402, -3.10668, -0.011774
-1.63666, -0.123303, -21.9141, -0.105085, -2.67292, 0.032515
-1.55814, -0.124579, -21.9269, -0.124558, -2.58021, 0.021289
-1.52514, -0.195949, -22.0368, 0.008995, -2.67471, 0.019637
-1.46347, -0.249078, -21.9257, 0.100444, -2.66933, 0.018672
-1.40807, -0.331442, -22.1094, 0.401879, -2.73697, 0.022647
-1.41106, -0.457324, -22.7986, 0.770544, -2.83458, 0.072942
-1.31031, -0.493613, -22.7863, 0.733536, -2.67257, 0.104858
-1.21683, -0.516119, -22.6005, 0.726669, -2.46938, 0.068241
-1.09406, -0.573995, -22.4279, 0.841415, -2.2541, 0.04691
-0.958986, -0.573502, -21.8446, 0.87482, -1.97847, 0.055453
-0.907739, -0.571275, -21.0452, 1.02924, -1.84464, 0.051797
-0.934788, -0.637928, -20.955, 1.50465, -1.83177, 0.114735
-0.94484, -0.650274, -21.225, 1.4942, -1.69805, 0.199461
-0.91738, -0.546621, -20.6236, 1.28564, -1.54908, 0.155251
-0.991141, -0.549002, -20.8108, 1.30016, -1.79402, 0.042395
-1.06365, -0.584921, -21.3874, 1.18305, -2.1671, -0.0148
-1.0135, -0.513565, -21.1464, 0.769566, -1.98302, -0.024209
-0.893479, -0.428981, -20.629, 0.543909, -1.6482, -0.023061
-0.910247, -0.476151, -20.5795, 0.769123, -1.78925, -0.028836
-0.97863, -0.558759, -21.0195, 1.19807, -2.06404, 0.069876
-0.948932, -0.548041, -21.1028, 1.26422, -1.8134, 0.135854
-0.871634, -0.465563, -20.8248, 1.11192, -1.50103, 0.126817
-0.870436, -0.452171, -20.9316, 1.09283, -1.5079, 0.04484
-0.915074, -0.444571, -21.2324, 0.881904, -1.72657, 0.02299
-0.847254, -0.347247, -20.8227, 0.430243, -1.603, 0.088716
-0.787102, -0.323847, -20.3571, 0.389816, -1.57821, 0.04631
-0.844376, -0.411346, -20.9479, 0.774224, -1.89933, -0.016182
-0.865532, -0.448078, -21.4032, 0.930459, -1.96896, 0.01884
-0.80624, -0.380209, -20.8746, 0.783787, -1.71633, 0.126339
-0.794779, -0.401702, -20.8494, 1.03441, -1.57143, 0.140491
-0.818708, -0.413457, -21.7422, 0.998266, -1.38047, 0.113275
-0.786295, -0.323477, -21.448, 0.704655, -1.08096, 0.125927
-0.789976, -0.295016, -20.5559, 0.779866, -1.07357, 0.131872
-0.898062, -0.311256, -21.0338, 0.94195, -1.37183, 0.120227
-1.03094, -0.323698, -21.6603, 0.989602, -1.65583, 0.057417
-1.08713, -0.30448, -21.8202, 0.908856, -1.81509, 0.105468
-1.14532, -0.288551, -22.1434, 0.764415, -1.97598, 0.154841
-1.12113, -0.224188, -22.4293, 0.246467, -1.90166, 0.084479
-1.06682, -0.199583, -22.0725, 0.050942, -1.72839, -0.012232
-1.05984, -0.215896, -21.68, 0.119219, -1.69073, -0.024866
-1.0683, -0.274279, -21.822, 0.249235, -1.71139, 0.063535
-1.04627, -0.297306, -21.6518, 0.492206, -1.59488, 0.16446
-1.06179, -0.362226, -21.5684, 0.940364, -1.69027, 0.192975
-1.15934, -0.389984, -22.254, 1.05493, -1.9232, 0.180122
-1.19725, -0.355731, -22.5808, 0.898098, -1.83778, 0.099903
-1.14589, -0.250515, -22.2511, 0.487322, -1.59291, 0.016052
-1.12364, -0.220414, -22.0016, 0.182874, -1.7155, -0.025188
-1.17323, -0.274303, -22.1471, 0.219861, -2.07461, -0.010733
-1.10909, -0.280844, -21.9849, 0.237613, -2.09326, 0.042435
-1.07199, -0.293128, -21.8308, 0.308569, -2.08554, 0.078499
-1.01576, -0.340355, -21.6016, 0.437632, -2.07734, 0.045185
-0.981066, -0.392869, -21.3683, 0.613057, -2.05737, 0.000132
-0.942056, -0.438607, -21.1714, 0.787029, -2.04198, 0.038098
-0.951635, -0.459478, -21.4432, 0.857092, -2.00176, 0.111758
-0.909083, -0.404252, -21.5925, 0.533901, -1.76462, 0.095846
-0.830186, -0.349265, -21.0231, 0.32757, -1.39375, -0.011009
-0.820603, -0.410244, -20.7457, 0.607634, -1.32367, -0.077144
-0.87608, -0.488536, -21.2376, 0.990142, -1.41352, -0.025139
-0.930946, -0.507757, -21.5732, 1.12201, -1.4591, 0.053031
-0.952573, -0.499024, -21.5198, 1.19805, -1.56659, 0.074595
-1.06657, -0.561847, -22.1821, 1.36049, -1.75913, 0.013586
-1.08559, -0.524937, -22.8973, 1.08902, -1.61933, -0.036626
-1.05652, -0.424393, -22.3358, 0.645251, -1.42046, -0.024454
-1.01912, -0.392862, -21.5311, 0.660727, -1.36381, -0.037313
-1.05197, -0.449166, -21.4807, 1.08831, -1.51279, -0.041886
-1.1256, -0.479049, -21.5788, 1.31431, -1.86028, -0.006842
-1.24802, -0.499837, -22.2483, 1.35295, -2.22495, 0.067782
-1.341, -0.499947, -23.0564, 1.20108, -2.39923, 0.116272
-1.25664, -0.38989, -22.9557, 0.463443, -2.07496, 0.033393
-1.12766, -0.325983, -22.149, 0.214068, -1.83026, -0.077083
-1.04171, -0.354703, -21.8171, 0.26643, -1.81789, -0.090118
-1.053, -0.446261, -21.6719, 0.474792, -1.99503, -0.057988
-1.03816, -0.489428, -21.8351, 0.679828, -2.09319, -0.026733
-1.02157, -0.545465, -22.1449, 0.903644, -2.16822, 0.1057
-1.0157, -0.638714, -22.3371, 1.19476, -2.21031, 0.086292
-1.02604, -0.729668, -22.8535, 1.4183, -2.18429, 0.077641
-0.989692, -0.708749, -23.0586, 1.30324, -1.97961, 0.128581
-0.945983, -0.670878, -22.7281, 1.16293, -1.66311, 0.19924
-0.912172, -0.652002, -21.935, 1.3467, -1.45426, 0.187057
-0.93332, -0.671568, -21.8229, 1.50767, -1.5024, 0.122594
-1.0029, -0.666763, -22.1381, 1.54151, -1.68665, 0.135551
-1.06039, -0.64393, -22.2801, 1.51981, -1.87325, 0.162306
-1.08744, -0.618702, -22.2121, 1.39089, -2.01682, 0.153798
-1.05358, -0.545829, -22.0307, 1.01717, -2.09453, 0.065972
-1.00139, -0.517903, -21.6711, 0.800255, -2.0915, -0.004757
-1.01834, -0.564714, -22.0813, 0.850748, -2.05258, -0.084697
-0.956916, -0.535747, -22.2121, 0.715915, -1.81862, -0.032194
-0.903306, -0.499056, -21.5326, 0.698772, -1.6755, -0.046816
-0.946349, -0.601909, -21.6951, 1.20909, -1.93772, -0.062817
-1.00007, -0.685366, -22.1589, 1.57078, -2.02317, -0.010127
-0.993404, -0.653131, -22.2762, 1.51512, -1.86974, 0.082143
-0.998703, -0.611415, -22.1224, 1.39619, -1.68658, 0.065551
-1.01295, -0.611181, -22.4713, 1.25647, -1.53361, -0.014664
-0.997388, -0.536399, -21.969, 0.949481, -1.34426, -0.065035
-1.00225, -0.471061, -21.3805, 0.897618, -1.28385, -0.09581
-1.09049, -0.498532, -21.6317, 1.171, -1.49164, -0.065259
-1.23065, -0.520739, -21.8241, 1.27938, -1.7486, -0.00052
-1.28475, -0.45868, -21.9478, 1.19192, -1.8315, 0.060612
-1.39965, -0.400973, -21.9401, 1.1299, -1.96113, 0.040165
-1.56947, -0.374067, -22.6695, 1.097, -2.17249, -0.008552
-1.71498, -0.294779, -23.1538, 0.84637, -2.18818, -0.02413
-1.75679, -0.166411, -22.7569, 0.516755, -2.04847, -0.012402
-1.78123, -0.05292, -22.2169, 0.365097, -1.94815, -0.031473
-1.86447, -0.01727, -21.7746, 0.45256, -2.00085, -0.080051
-2.1163, -0.030237, -22.2561, 0.60761, -2.42488, -0.094488
-2.41195, -0.007276, -23.2418, 0.590593, -2.81057, -0.031969
-2.52318, 0.045894, -23.0665, 0.3618, -2.76914, -0.076119
-2.47613, 0.135328, -22.401, 0.015104, -2.69138, -0.116182
-2.63208, 0.192142, -22.9372, -0.48501, -3.28268, -0.11522
-2.67247, 0.164834, -23.0292, -0.659973, -3.6631, -0.098089
-2.47587, 0.107648, -22.1933, -0.674726, -3.60923, -0.061388
-2.33335, -0.010286, -21.989, -0.360966, -3.84686, -0.008287
-2.31004, -0.235154, -22.4821, 0.174395, -4.18988, 0.020932
-2.25767, -0.444399, -22.9133, 0.554018, -4.27253, 0.077288
-2.02584, -0.515048, -23.1928, 0.653424, -3.93466, 0.201571
-1.7969, -0.59107, -23.4598, 0.754847, -3.53491, 0.17273
-1.58666, -0.68871, -23.1051, 0.895831, -3.13406, 0.116133
-1.35205, -0.730313, -22.1379, 0.952019, -2.68925, 0.113642
-1.21583, -0.820857, -21.9621, 1.29559, -2.52831, 0.094281
-1.15884, -0.966368, -22.3161, 1.8574, -2.43687, 0.178406
-1.22206, -1.07495, -22.6487, 2.2008, -2.44545, 0.246961
-1.24433, -1.15023, -23.272, 2.30843, -2.42647, 0.250288
-1.22806, -1.1287, -23.6988, 2.27609, -2.32138, 0.096635
-1.13479, -1.02218, -23.2315, 1.88048, -2.21235, -0.046745
-1.12565, -1.0002, -23.2501, 1.57201, -2.36065, -0.110586
-1.05604, -1.00951, -23.0093, 1.53588, -2.2283, -0.036939
-0.8814, -0.972906, -22.3172, 1.41604, -1.90241, 0.015562
-0.7821, -1.00538, -22.0758, 1.57366, -1.75497, -0.084686
-0.779646, -1.12417, -22.318, 2.04728, -1.81142, -0.04011
-0.769639, -1.18216, -22.3675, 2.43161, -1.61666, 0.105439
-0.753618, -1.1283, -22.2511, 2.30194, -1.31865, 0.229486
-0.741347, -1.01997, -21.8657, 1.98357, -1.10686, 0.182059
-0.786172, -0.924523, -21.36, 1.72972, -1.04732, 0.000565
-0.844707, -0.824143, -21.2752, 1.49173, -1.08343, -0.030166
-0.90453, -0.705537, -20.6854, 1.31632, -1.14825, 0.005142
-1.02941, -0.719929, -20.3697, 1.49289, -1.49305, 0.005652
-1.26111, -0.839857, -21.4046, 1.78681, -2.07729, 0.035411
-1.37119, -0.83568, -21.9023, 1.6382, -2.29842, 0.096106
-1.33443, -0.757039, -21.9223, 1.08582, -2.27739, -0.044864
-1.37399, -0.798194, -22.3637, 1.0823, -2.47106, -0.094487
-1.3092, -0.816867, -22.3458, 1.03669, -2.37927, -0.084702
-1.19273, -0.772454, -21.7878, 0.87214, -2.05091, 0.001524
-1.05354, -0.761878, -21.1832, 0.90793, -1.80807, -0.026541
-1.13933, -0.959721, -21.4862, 1.76765, -2.18543, -0.025794
-1.23297, -1.09958, -22.3194, 2.2747, -2.34327, 0.114711
-1.26762, -1.0526, -22.273, 2.15695, -2.23872, 0.23333
-1.24433, -1.0042, -21.9822, 2.07469, -2.0983, 0.13617
-1.26436, -1.00986, -22.4518, 2.01896, -2.0259, -0.04386
-1.27268, -0.92877, -22.3007, 1.53865, -1.9371, -0.113953
-1.23677, -0.800885, -22.0207, 1.0522, -1.82454, -0.079184
-1.17755, -0.700576, -21.3684, 0.866277, -1.59763, -0.093108
-1.14707, -0.713252, -20.8449, 1.0778, -1.50403, -0.116531
-1.22763, -0.796765, -20.73, 1.72074, -1.86811, -0.09355
-1.4532, -0.896267, -21.7642, 2.02663, -2.4362, -0.033044
-1.52879, -0.86553, -22.4024, 1.91478, -2.53279, 0.146418
-1.53547, -0.78172, -22.2193, 1.67184, -2.41761, 0.1176
-1.47808, -0.72725, -22.013, 1.4788, -2.23915, -0.03763
-1.48933, -0.687969, -22, 1.04908, -2.24535, -0.094522
-1.42815, -0.599409, -21.7885, 0.673188, -2.18403, -0.002958
-1.34322, -0.543639, -21.2988, 0.521616, -2.09722, -0.01621
-1.31424, -0.577227, -21.2949, 0.710283, -2.27094, -0.066842
-1.36143, -0.664452, -21.3922, 1.15507, -2.61368, -0.039039
-1.39656, -0.745829, -21.6547, 1.51737, -2.7781, 0.007435
-1.42935, -0.794346, -22.5203, 1.52779, -2.87413, 0.074793
-1.35665, -0.7721, -22.2615, 1.33019, -2.78262, 0.003262
-1.28986, -0.763978, -22.1063, 1.20378, -2.6423, -0.034991
-1.22677, -0.771898, -22.6896, 1.0295, -2.40597, -0.047097
-1.11148, -0.705685, -22.2151, 0.801988, -2.00873, -0.065709
-0.996653, -0.665672, -21.3909, 0.743412, -1.7303, -0.069725
-0.991926, -0.732837, -21.3009, 1.10942, -1.9078, -0.08967
-1.06271, -0.864236, -21.6099, 1.73732, -2.2113, -0.031661
-1.10888, -0.902991, -22.0004, 1.94195, -2.19157, 0.0998
-1.16679, -0.92345, -22.7071, 1.94444, -2.12485, 0.176406
-1.16876, -0.867165, -23.1283, 1.5954, -1.77484, 0.073358
-1.12412, -0.778988, -22.584, 1.22971, -1.53442, -0.052322
-1.11616, -0.738925, -22.266, 1.07763, -1.41936, -0.099357
-1.13077, -0.67027, -21.8714, 0.92671, -1.28432, -0.057325
-1.14369, -0.604941, -21.1477, 0.944224, -1.2289, -0.007008
-1.27336, -0.657877, -21.3706, 1.33272, -1.56504, -0.006155
-1.45178, -0.705811, -22.0505, 1.49081, -1.86911, -0.058986
-1.53013, -0.66374, -21.4489, 1.48524, -1.97811, -0.082622
-1.7273, -0.66758, -21.8704, 1.54445, -2.3487, -0.005448
-1.982, -0.640245, -23.7261, 1.29286, -2.5817, 0.098816
-1.97883, -0.457472, -23.252, 0.644531, -2.21825, 0.045729
-1.84567, -0.281628, -21.6677, 0.375153, -1.77558, -0.088858
-1.97408, -0.315581, -21.5077, 0.727659, -2.00527, -0.228435
-2.40844, -0.436837, -23.0242, 1.13268, -2.72548, -0.186362
-2.63407, -0.328184, -23.8388, 0.871148, -2.7984, -0.042919
-2.5938, -0.164282, -22.4245, 0.619834, -2.43957, 0.015911
-2.83666, -0.190046, -22.6823, 0.789487, -2.6705, -0.152431
-3.36457, -0.136786, -24.6359, 0.546008, -3.1647, -0.232963
-3.46213, 0.071859, -24.2595, -0.131694, -2.62625, -0.068062
-3.13676, 0.266575, -22.2535, -0.587448, -1.53561, -0.063044
-3.29775, 0.179264, -22.0374, -0.106164, -1.94728, -0.262001
-3.76066, 0.039541, -23.0756, 0.494622, -3.58257, -0.356467
-4.1143, -0.005055, -23.8287, 0.533862, -4.69827, -0.241451
-4.01137, 0.00981, -23.6144, 0.13614, -5.12487, -0.325895
-4.09387, -0.068861, -24.3423, -0.054599, -5.78686, -0.414662
-4.08797, -0.270394, -25.4676, -0.186512, -6.12478, -0.195422
-3.52672, -0.291791, -24.5601, -0.651822, -5.05072, -0.002191
-2.69813, -0.238387, -22.1831, -0.877234, -3.77665, -0.044648
-2.63948, -0.661175, -22.4261, 0.308445, -4.20912, -0.136675
-2.77825, -1.19323, -23.138, 1.80048, -4.93461, 0.001671
-2.77226, -1.36041, -23.9737, 2.35733, -4.97487, 0.212013
-2.60814, -1.33336, -24.3617, 2.20174, -4.46038, 0.406478
-2.47122, -1.19446, -24.0947, 1.43532, -3.84507, 0.155802
-2.16196, -1.11794, -23.2794, 1.08287, -3.05954, -0.025566
-1.82919, -0.911547, -20.8023, 0.834687, -2.21352, -0.066001
-1.86112, -1.0279, -20.1802, 1.71307, -2.4775, -0.080727
-2.2653, -1.23114, -22.035, 2.29669, -3.32297, 0.082281
-2.46127, -1.25047, -22.7873, 2.34323, -3.60168, 0.139051
-2.47452, -1.15916, -22.761, 2.06484, -3.39432, -0.037221
-2.39365, -0.986785, -22.1267, 1.3723, -3.00061, -0.106183
-2.44738, -0.937687, -22.2925, 0.966722, -3.11705, -0.1667
-2.38814, -0.879421, -22.1482, 0.764227, -2.90596, -0.043777
-2.29716, -0.903121, -21.298, 1.26202, -2.86747, -0.086145
-2.54093, -1.14184, -21.9892, 2.1337, -3.91782, -0.141831
-2.86717, -1.28262, -23.5961, 2.32805, -4.73593, -0.057265
-2.70094, -1.09387, -23.4897, 1.38765, -4.18993, 0.088443
-2.35981, -0.899951, -21.8197, 0.815443, -3.26497, 0.025839
-2.30316, -0.954341, -21.4287, 0.950154, -3.49501, -0.081467
-2.4103, -1.12298, -22.0605, 1.44588, -3.99073, -0.138786
-2.41807, -1.17078, -22.0598, 1.76676, -4.11725, -0.010895
-2.39386, -1.19274, -22.2212, 2.07591, -4.04288, 0.101539
-2.56946, -1.27872, -23.5887, 2.22338, -4.27621, 0.001509
-2.57598, -1.2155, -24.2238, 1.6049, -3.86579, -0.07002
-2.33397, -1.03815, -22.9847, 1.19001, -3.10414, -0.104762
-2.26323, -1.01768, -22.69, 1.42273, -2.83571, -0.074982
-2.39913, -1.11335, -22.8458, 2.08406, -3.27092, -0.110495
-2.55602, -1.14225, -22.7322, 2.41014, -3.69063, -0.091619
-2.83564, -1.14299, -24.0459, 2.38972, -4.07023, 0.057713
-2.89168, -0.965964, -24.2253, 1.82657, -3.71547, 0.017296
-2.83743, -0.771846, -23.5999, 1.28514, -3.34795, -0.113145
-2.96467, -0.769958, -24.0588, 1.27119, -3.51786, -0.216215
-2.99019, -0.733226, -24.01, 1.26938, -3.49525, -0.193196
-2.9615, -0.724143, -23.082, 1.55629, -3.57301, -0.156503
-3.14079, -0.775629, -23.373, 1.89202, -4.06119, -0.148638
-3.46595, -0.830099, -24.6425, 1.94109, -4.47697, -0.2031
-3.46617, -0.752914, -24.1668, 1.45965, -4.15458, -0.150489
-3.4594, -0.632248, -23.6864, 0.900219, -4.04889, -0.063528
-3.48722, -0.571963, -24.0255, 0.541975, -4.39946, -0.146861
-3.48129, -0.638146, -23.8406, 0.701831, -4.99688, -0.235448
-3.63057, -0.801957, -24.541, 1.21266, -5.63914, -0.232632
-3.67944, -0.865546, -25.1399, 1.33147, -5.75268, -0.148912
-3.54621, -0.794151, -24.8219, 1.14933, -5.12214, -0.136143
-3.56491, -0.782357, -25.5189, 1.3635, -4.53056, -0.145151
-3.69617, -0.727788, -25.7436, 1.27768, -4.32388, -0.090098
-3.50064, -0.542189, -24.3691, 0.946611, -3.59385, -0.121277
-3.46075, -0.476791, -23.6392, 1.08811, -3.47594, -0.243004
-3.75574, -0.531451, -24.0829, 1.47623, -4.38649, -0.191911
-4.06127, -0.565951, -24.8493, 1.49815, -5.28464, -0.105463
-4.09232, -0.462269, -25.0004, 0.767496, -5.54914, -0.080319
-3.91052, -0.387236, -24.5838, 0.103907, -5.30849, -0.097796
-3.79118, -0.462981, -24.6143, 0.044474, -5.30535, -0.186725
-3.77522, -0.514273, -25.2758, 0.038406, -5.44463, -0.083095
-3.59079, -0.525023, -25.2465, 0.145636, -5.40697, -0.111749
-3.68985, -0.778409, -25.8465, 0.939141, -6.03861, -0.172148
-3.69012, -0.983566, -26.4839, 1.31524, -6.36433, -0.003919
