Fx [N], Fy [N], Fz [N], Mx [Nm], My [Nm], Mz [Nm]
2.43126, 0.704007, -13.6603, -0.836205, 0.808618, 0.185119
2.57319, 0.696193, -13.8933, -0.930271, 0.964857, 0.161965
2.76555, 0.713505, -14.205, -1.26574, 1.55761, 0.128657
2.68348, 0.705187, -13.7436, -1.49655, 2.22213, 0.044095
2.61683, 0.594391, -13.3186, -1.33998, 2.78901, -0.04831
2.6244, 0.506301, -13.8171, -1.0947, 3.11033, -0.045348
2.60127, 0.507857, -14.4327, -0.890149, 3.17201, 0.1135
2.69239, 0.667402, -15.4845, -0.89636, 3.10194, 0.282173
2.80574, 0.75653, -16.2433, -0.969036, 2.93178, 0.40892
2.80182, 0.855555, -16.3665, -1.03638, 2.53377, 0.391827
3.04013, 1.03185, -17.2457, -1.22056, 2.61095, 0.429534
3.15913, 1.12721, -17.3189, -1.48797, 2.87925, 0.491706
3.05933, 1.09726, -16.7987, -1.66475, 3.17067, 0.385215
3.1618, 1.10437, -16.9579, -1.8872, 3.72403, 0.210748
3.01924, 1.07367, -16.4865, -2.01953, 3.89018, 0.062522
2.7611, 0.961919, -15.9113, -1.93935, 3.78716, -0.037527
2.83322, 0.989465, -16.7237, -2.04486, 3.87605, -0.126906
2.70682, 1.03827, -16.878, -2.05163, 3.61122, -0.12412
2.66324, 1.06375, -17.162, -1.77524, 3.15801, -0.033488
2.89608, 1.12224, -18.1088, -1.69768, 3.15911, 0.140931
2.91452, 1.20839, -18.0591, -1.63604, 2.95633, 0.366342
3.07121, 1.31819, -18.4641, -1.65825, 2.92524, 0.477037
3.32493, 1.42552, -19.1256, -1.75652, 3.16937, 0.514094
3.21428, 1.39888, -18.2613, -1.86902, 3.20398, 0.453629
3.28001, 1.48955, -18.5138, -2.3618, 3.60725, 0.211805
3.32596, 1.51785, -18.7241, -2.68464, 3.91235, -0.002352
3.13517, 1.4452, -18.1219, -2.80085, 3.99024, -0.088746
3.03185, 1.35496, -17.8283, -2.85161, 3.9972, -0.209073
2.95875, 1.25589, -18.0144, -2.75305, 3.91953, -0.381245
2.91057, 1.18585, -18.1006, -2.64551, 3.92313, -0.403773
2.88492, 1.12672, -18.2356, -2.50134, 3.96605, -0.272864
2.845, 1.0661, -18.4543, -2.26629, 3.66093, -0.143331
2.91044, 1.13249, -18.9089, -2.17831, 3.30937, -0.06199
3.05737, 1.21808, -19.4889, -2.19598, 3.33386, 0.141995
3.17437, 1.27711, -19.827, -2.20236, 3.21101, 0.166392
3.3006, 1.32075, -19.8978, -2.2045, 3.13621, 0.170287
3.41312, 1.36345, -19.944, -2.23165, 3.11135, 0.199583
3.51066, 1.34103, -19.7977, -2.02549, 3.34834, 0.250601
3.52844, 1.30216, -19.4202, -2.03413, 3.93093, 0.414399
3.40863, 1.38824, -18.9358, -2.3581, 4.13525, 0.445387
3.26832, 1.44627, -18.7036, -2.5629, 4.27544, 0.171271
3.28938, 1.51447, -19.3438, -2.80229, 4.52062, -0.015721
3.20125, 1.51588, -19.3326, -2.9131, 4.46281, -0.135455
3.08285, 1.46307, -19.3098, -2.80848, 4.23814, -0.164549
3.1899, 1.50089, -19.8067, -2.94849, 4.30905, -0.100082
3.12527, 1.54397, -19.4975, -2.99556, 4.31427, 0.04137
3.02724, 1.39956, -18.9999, -2.45838, 3.97373, 0.16356
3.12196, 1.4628, -19.603, -2.46019, 3.86204, 0.131729
3.14222, 1.50908, -19.5807, -2.76098, 4.37624, 0.145888
3.07288, 1.43553, -19.2575, -2.70644, 4.34621, -0.010277
3.11026, 1.46301, -19.8097, -2.92943, 4.32362, -0.075794
3.11178, 1.52854, -20.1972, -3.12072, 4.43043, -0.067221
3.0626, 1.48165, -20.1188, -2.97874, 4.45883, -0.107886
3.06875, 1.37917, -20.3849, -2.89158, 4.42154, -0.157599
3.0269, 1.34741, -20.4017, -2.96975, 4.2875, -0.194756
2.97702, 1.304, -20.2485, -2.93608, 4.12871, -0.21837
2.92025, 1.15937, -20.0377, -2.63288, 3.70059, -0.351967
2.95717, 1.10386, -20.3176, -2.46021, 3.46012, -0.32285
3.08494, 1.17203, -20.4636, -2.47799, 3.4161, -0.164137
3.05268, 1.11365, -19.8735, -2.24244, 3.37914, 0.042195
3.16539, 1.06042, -19.8816, -2.07701, 3.68617, 0.208865
3.27463, 1.09273, -20.0919, -2.25525, 4.28077, 0.261081
3.07717, 1.06312, -19.4717, -2.32532, 4.43256, 0.003301
3.02695, 0.981345, -19.5332, -2.29908, 4.44649, -0.154779
2.96068, 0.922929, -19.8651, -2.24776, 4.39831, -0.257723
2.71759, 0.862046, -19.3931, -2.0822, 4.01985, -0.316068
2.6779, 0.784963, -19.5607, -1.91907, 3.90432, -0.30576
2.63953, 0.788511, -19.7561, -1.95995, 3.75699, -0.232577
2.6017, 0.82265, -19.9471, -1.93137, 3.3766, -0.165305
2.62802, 0.810685, -19.7561, -1.73632, 3.17581, -0.134797
2.68112, 0.823675, -19.9487, -1.74622, 3.0723, -0.103443
2.87171, 0.931513, -20.5612, -1.82349, 3.22537, 0.030471
2.97556, 0.990405, -20.6629, -1.84911, 3.39298, 0.194603
3.03969, 1.01358, -20.6754, -1.86535, 3.44188, 0.280132
3.14635, 1.04157, -20.8702, -1.81251, 3.58454, 0.237092
3.17632, 1.09208, -20.945, -2.00902, 3.7957, 0.281551
3.18597, 1.1054, -20.8493, -2.31186, 4.01789, 0.225021
3.15689, 1.02313, -20.7009, -2.33643, 4.15976, 0.110808
3.16101, 0.962246, -20.6712, -2.33147, 4.32401, 0.00208
3.03553, 0.852234, -20.047, -2.2735, 4.22001, -0.046895
2.929, 0.760484, -19.8972, -2.18091, 4.12287, -0.14684
2.89777, 0.675481, -19.9886, -2.03095, 4.08188, -0.229869
2.82273, 0.617208, -20.0288, -1.85952, 3.99622, -0.279409
2.82192, 0.572129, -20.2343, -1.78309, 3.9772, -0.223954
2.83868, 0.595069, -20.6538, -1.73887, 4.10448, -0.160923
2.79689, 0.582431, -20.4962, -1.44071, 4.04992, -0.110276
2.79155, 0.552098, -20.5871, -1.23793, 3.81831, -0.09002
2.77202, 0.608396, -20.5746, -1.295, 3.61651, -0.070474
2.77754, 0.649343, -20.6053, -1.34641, 3.63789, 0.009597
2.79315, 0.690213, -20.6772, -1.44189, 3.63761, 0.061754
2.81551, 0.702322, -20.9368, -1.40987, 3.65205, 0.063652
2.95348, 0.786582, -21.7795, -1.55858, 4.16335, 0.10664
2.98837, 0.890889, -22.1138, -1.96562, 4.55284, 0.1329
2.75949, 0.834505, -21.4209, -1.96972, 4.31989, 0.00665
2.57983, 0.773453, -21.146, -1.91458, 4.03223, -0.09342
2.39747, 0.719854, -20.9029, -1.77566, 3.71551, -0.19266
2.24202, 0.607429, -20.4881, -1.49403, 3.33765, -0.299617
2.21649, 0.579599, -20.7026, -1.34452, 3.06402, -0.226843
2.21885, 0.689174, -20.9113, -1.39533, 2.85168, -0.099546
2.26418, 0.738609, -20.5204, -1.37216, 2.84136, 0.098542
2.44097, 0.79002, -21.0329, -1.43012, 3.04687, 0.190706
2.63791, 0.922178, -21.5277, -1.61941, 3.27423, 0.22025
2.68817, 1.00589, -21.3398, -1.80937, 3.38048, 0.308292
2.76752, 1.06571, -21.4477, -1.99458, 3.31488, 0.218478
2.81652, 1.09545, -21.3397, -2.11951, 3.29474, 0.048728
2.77047, 1.05877, -20.649, -2.18228, 3.36169, -0.031654
2.77327, 1.02745, -20.3833, -2.18326, 3.41725, -0.120356
2.81858, 1.06478, -20.6974, -2.30249, 3.48498, 0.002919
2.80322, 1.03447, -20.3323, -2.1686, 3.89357, 0.116038
2.7843, 0.973169, -20.4977, -1.84955, 3.98191, 0.042649
2.83435, 1.0494, -20.9169, -2.10642, 4.00206, 0.001793
2.74549, 1.08964, -20.5516, -2.33756, 3.8132, -0.02477
2.76206, 1.09358, -20.6733, -2.40778, 3.63617, -0.06178
2.86193, 1.12497, -21.0914, -2.51851, 3.6969, -0.08011
2.78475, 1.07807, -20.7574, -2.41397, 3.704, -0.121363
2.85448, 1.08543, -21.2094, -2.40456, 3.85784, -0.147673
2.93133, 1.12452, -21.7973, -2.47632, 4.16899, -0.099306
2.87302, 1.09746, -21.6943, -2.22107, 4.28128, -0.041963
2.83149, 1.06197, -21.3987, -2.05053, 4.23825, -0.014504
2.73604, 1.06196, -21.2785, -2.04685, 4.1464, 0.025376
2.72896, 1.12545, -21.6132, -2.16776, 4.17929, 0.039272
2.66359, 1.12771, -21.5356, -2.29713, 4.09957, 0.00453
2.53606, 1.09922, -21.3514, -2.40712, 3.82866, -0.146119
2.53741, 1.0656, -21.5657, -2.39654, 3.69368, -0.200396
2.44496, 1.01978, -21.2727, -2.32326, 3.58463, -0.280126
2.39507, 0.949877, -21.1486, -2.13287, 3.41892, -0.284687
2.40529, 0.899991, -21.2007, -1.94002, 3.17494, -0.24418
2.39188, 0.983465, -21.382, -2.03255, 3.01166, -0.145801
2.48041, 1.07173, -21.7949, -2.13141, 3.04571, -0.10769
2.54182, 1.03994, -21.851, -2.00234, 3.09132, -0.026414
2.60746, 1.08865, -21.899, -2.15766, 3.11793, 0.027879
2.70137, 1.13096, -22.0718, -2.30103, 3.37566, 0.104635
2.69602, 1.11443, -21.8258, -2.38368, 3.55218, 0.141291
2.68617, 1.06397, -21.4242, -2.34964, 3.58053, 0.080671
2.68197, 1.05648, -21.556, -2.31647, 3.80754, 0.051023
2.6512, 1.08201, -21.3986, -2.28196, 3.9033, 0.06984
2.55351, 1.02895, -21.0919, -2.04003, 3.82445, 0.031577
2.52591, 1.04388, -21.2867, -2.00251, 3.72938, 0.038552
2.49794, 1.11062, -21.4366, -2.13917, 3.68131, 0.028842
2.45916, 1.12999, -21.4729, -2.13087, 3.60085, 0.016068
2.49448, 1.155, -21.9311, -2.11661, 3.40473, 0.045388
2.47445, 1.19455, -22.0216, -2.39042, 3.20071, 0.082573
2.4559, 1.21733, -21.6577, -2.57751, 3.13652, 0.004118
2.48422, 1.19487, -21.5392, -2.47253, 2.98963, -0.034327
2.55597, 1.18368, -21.6281, -2.32959, 2.97441, -0.065901
2.64835, 1.25273, -21.8518, -2.36405, 3.04537, 0.046739
2.71612, 1.32598, -21.9013, -2.34476, 3.13991, 0.193156
2.82642, 1.38241, -22.0035, -2.32396, 3.19242, 0.237913
2.95047, 1.47334, -22.1923, -2.42228, 3.28669, 0.311571
2.99911, 1.53761, -21.9799, -2.46823, 3.31364, 0.296237
3.09406, 1.60278, -22.1149, -2.55506, 3.38535, 0.24681
3.14045, 1.62718, -21.9729, -2.66832, 3.48504, 0.245778
3.08763, 1.58038, -21.4135, -2.66486, 3.5763, 0.221551
3.10071, 1.57823, -21.2074, -2.9385, 3.75961, 0.138627
3.07267, 1.5548, -21.0895, -3.0974, 3.90338, 0.043064
2.98384, 1.50633, -20.6352, -3.05715, 3.8837, -0.011509
2.99383, 1.45532, -20.7491, -2.97007, 3.96684, -0.076051
3.01177, 1.45426, -20.8612, -3.0012, 4.05516, -0.121163
2.92979, 1.42659, -20.6402, -2.97436, 4.08073, -0.076355
2.91876, 1.39931, -20.7136, -2.88421, 4.09919, -0.134316
2.95217, 1.40059, -21.0526, -2.90603, 4.18432, -0.152238
2.89082, 1.41517, -21.1198, -3.02063, 4.16654, -0.171882
2.82899, 1.35714, -21.0027, -2.90644, 4.14058, -0.197354
2.78256, 1.32089, -21.0363, -2.8353, 4.08002, -0.200533
2.70418, 1.28943, -20.9627, -2.8086, 3.97997, -0.176974
2.66704, 1.29357, -20.9751, -2.68381, 3.95955, -0.133097
2.66017, 1.29607, -21.0431, -2.4464, 3.89608, 0.014601
2.6189, 1.31864, -21.1255, -2.26471, 3.68406, 0.148884
2.66331, 1.36363, -21.5276, -2.28669, 3.62738, 0.185473
2.68093, 1.41622, -21.6244, -2.37899, 3.61406, 0.204973
2.65851, 1.4587, -21.5266, -2.49063, 3.40425, 0.17629
2.71759, 1.50818, -21.7595, -2.63228, 3.30878, 0.064178
2.73118, 1.5143, -21.7058, -2.9184, 3.36765, 0.00309
2.69743, 1.47797, -21.1559, -3.12128, 3.57338, -0.035775
2.68987, 1.39916, -21.0158, -3.05565, 3.63242, -0.089416
2.68869, 1.35691, -20.9091, -3.04839, 3.64927, -0.183851
2.6077, 1.26836, -20.5802, -2.92482, 3.66357, -0.197229
2.57293, 1.18561, -20.4365, -2.73406, 3.71072, -0.212666
2.53134, 1.12535, -20.4462, -2.56464, 3.70363, -0.241099
2.43094, 1.05955, -20.4307, -2.34078, 3.59841, -0.248299
2.42142, 1.05654, -20.6103, -2.30773, 3.6637, -0.1854
2.34666, 1.07198, -20.7785, -2.29333, 3.58982, -0.16101
2.31228, 1.04499, -20.9466, -2.20477, 3.44252, -0.150729
2.28199, 1.05644, -20.9371, -2.33358, 3.21316, -0.171813
2.21677, 1.08497, -20.6456, -2.45932, 2.86499, -0.195852
2.27591, 1.03561, -20.747, -2.25198, 2.72812, -0.187227
2.32564, 1.03667, -20.762, -2.18687, 2.69503, -0.146481
2.36389, 1.08718, -20.7671, -2.14097, 2.68293, -0.100792
2.51024, 1.13771, -21.3324, -2.07688, 2.86791, 0.033709
2.66167, 1.23125, -21.9399, -2.18939, 3.05999, 0.123331
2.73785, 1.32702, -22.2083, -2.38692, 3.15011, 0.160042
2.79216, 1.36078, -22.1443, -2.40469, 3.13814, 0.07094
2.85339, 1.35309, -22.0383, -2.38064, 3.18051, 0.04918
2.83528, 1.35737, -21.5847, -2.40892, 3.21485, 0.164672
2.8095, 1.32618, -21.2454, -2.26874, 3.29282, 0.183232
2.86552, 1.33788, -21.4119, -2.24027, 3.34696, 0.133698
2.82799, 1.35567, -21.2665, -2.41578, 3.23575, 0.085352
2.78779, 1.34262, -21.085, -2.53952, 3.17785, 0.022271
2.81682, 1.33169, -21.2605, -2.73854, 3.33417, -0.036297
2.77289, 1.31228, -21.2236, -2.9135, 3.42021, -0.15254
2.70537, 1.22435, -20.9617, -2.78122, 3.36526, -0.194442
2.7748, 1.22069, -21.5632, -2.85064, 3.59449, -0.226592
2.78127, 1.22639, -21.7506, -2.93757, 3.80991, -0.200513
2.59591, 1.0936, -20.9255, -2.61991, 3.72194, -0.236547
2.57787, 0.959169, -20.9829, -2.34082, 3.63762, -0.358826
2.58763, 0.957555, -21.3696, -2.33821, 3.58051, -0.36801
2.51289, 0.987141, -21.2564, -2.39652, 3.51083, -0.260757
2.55883, 0.959133, -21.5728, -2.02536, 3.25868, -0.180168
2.59831, 0.989408, -21.8831, -1.9075, 3.14089, -0.120977
2.61148, 1.06219, -21.7996, -1.94592, 3.15273, -0.05896
2.65859, 1.10986, -21.6533, -1.94708, 3.16446, 0.098312
2.69674, 1.113, -21.5244, -1.90989, 3.2162, 0.187855
2.75066, 1.13878, -21.7238, -2.08264, 3.48873, 0.326675
2.68429, 1.20136, -21.2236, -2.33521, 3.55606, 0.415646
2.60896, 1.13413, -21.0138, -2.2317, 3.65062, 0.229172
2.64303, 1.16698, -21.4677, -2.30963, 3.82336, 0.055913
2.54316, 1.17303, -21.5093, -2.37658, 3.75566, -0.005774
2.52272, 1.18307, -21.9342, -2.38564, 3.69456, -0.013461
2.59992, 1.19358, -22.4196, -2.49444, 3.59492, -0.001723
2.52081, 1.23341, -22.3541, -2.71069, 3.33651, 0.056126
2.57454, 1.18597, -22.4296, -2.56194, 3.11242, -0.025203
2.61264, 1.15724, -22.4504, -2.59325, 3.16759, -0.047143
2.64388, 1.14714, -22.5405, -2.74122, 3.41698, -0.067378
2.62478, 1.10047, -22.1838, -2.6384, 3.60667, -0.065636
2.55866, 0.960023, -21.7832, -2.26535, 3.70949, -0.154946
2.63119, 0.93775, -22.4821, -2.209, 3.82129, -0.16222
2.58889, 0.950519, -22.5459, -2.22891, 3.78907, -0.139615
2.4885, 0.873384, -21.942, -2.07825, 3.53249, -0.124942
2.54399, 0.886269, -22.5, -2.10533, 3.2343, -0.145441
2.52691, 0.905638, -22.5406, -2.12297, 3.20533, -0.160229
2.50945, 0.882883, -22.4042, -1.87427, 3.09346, -0.150165
2.59208, 0.900072, -22.777, -1.9728, 3.11786, -0.131292
2.58684, 0.99228, -22.8688, -2.31049, 3.43043, -0.091646
2.59281, 0.95928, -22.4833, -2.18327, 3.86549, -0.045106
2.58251, 0.887682, -22.6283, -1.88787, 3.88144, -0.10919
2.55009, 0.914342, -22.7244, -1.98161, 3.90094, -0.070225
2.43519, 0.974322, -22.1012, -1.94964, 3.75616, -0.041289
2.31879, 0.972282, -21.5275, -1.78523, 3.47602, -0.102757
2.33962, 1.04863, -22.0649, -1.82825, 3.33323, -0.084328
2.34273, 1.20614, -22.264, -2.01386, 3.24675, 0.062142
2.29716, 1.27899, -21.9326, -2.13456, 3.01001, 0.212801
2.36359, 1.30509, -22.0444, -2.15923, 2.84501, 0.17146
2.45549, 1.44924, -22.549, -2.37582, 2.84084, 0.19095
2.5627, 1.59169, -22.591, -2.59042, 2.9195, 0.280921
2.63143, 1.62368, -22.5515, -2.6599, 2.92991, 0.276176
2.72631, 1.67445, -22.7768, -2.82938, 3.04634, 0.255445
2.7032, 1.66112, -22.3082, -2.97797, 3.37189, 0.276193
2.6146, 1.55395, -21.8063, -2.94736, 3.68799, 0.115321
2.59078, 1.43825, -21.7391, -2.90363, 3.80398, 0.036799
2.398, 1.3578, -21.2816, -2.77659, 3.66806, -0.009711
2.29791, 1.30053, -21.3975, -2.67502, 3.54892, -0.103986
2.26523, 1.24784, -21.7861, -2.60621, 3.46774, -0.137843
2.09562, 1.12961, -21.3071, -2.39983, 3.18608, -0.156538
2.0613, 1.15146, -21.3861, -2.52134, 2.95766, -0.169873
2.04906, 1.14692, -21.1426, -2.49777, 2.67614, -0.200546
1.99274, 1.05612, -20.8009, -2.14512, 2.42159, -0.235835
2.10066, 1.09719, -21.1942, -2.25141, 2.38851, -0.146358
2.04159, 1.16446, -20.8564, -2.3879, 2.31898, -0.055762
2.02617, 1.08448, -20.6378, -2.04516, 2.28503, 0.002523
2.16011, 1.06821, -21.1075, -1.95106, 2.41275, -0.015846
2.09609, 1.14802, -21.2136, -2.3317, 2.60535, 0.006993
2.13704, 1.17015, -21.3729, -2.48269, 3.08389, -0.021973
2.13034, 1.07047, -21.2928, -2.25314, 3.18298, -0.091771
2.02609, 1.04701, -21.1509, -2.28796, 3.06175, -0.072238
2.02698, 1.09863, -21.4219, -2.42859, 2.98282, -0.009945
1.97231, 1.09323, -21.422, -2.42937, 2.84338, -0.032531
1.96994, 1.04976, -21.5565, -2.47612, 2.59803, -0.118401
1.98673, 1.07634, -21.8698, -2.54476, 2.5901, -0.154354
1.96067, 1.02774, -21.4201, -2.46095, 2.61138, -0.148553
1.93616, 0.946153, -20.9043, -2.33345, 2.63243, -0.165184
1.92622, 0.901766, -20.992, -2.16217, 2.68129, -0.164219
1.9513, 0.883575, -21.3995, -1.95013, 2.90836, -0.131409
1.9038, 0.93848, -21.3066, -2.05456, 2.8999, -0.097869
1.81315, 0.859867, -20.8982, -1.81137, 2.70455, -0.101222
1.84105, 0.826914, -21.3322, -1.63221, 2.63204, -0.101455
1.83764, 0.95071, -21.4993, -1.98487, 2.7129, -0.01711
1.78054, 0.9594, -21.3295, -2.06316, 2.56119, 0.008461
1.80962, 0.913684, -21.5338, -1.86485, 2.24586, -0.007756
1.79922, 0.95965, -21.6109, -2.0191, 2.03544, -0.016329
1.81111, 0.969967, -21.428, -2.01656, 1.98721, -0.026386
1.90386, 0.9554, -21.8563, -1.81458, 2.1475, -0.017622
1.95541, 0.976573, -21.9741, -1.84063, 2.27174, 0.046771
1.97537, 1.06425, -22.1402, -2.03061, 2.32264, 0.141697
2.02892, 1.04409, -22.134, -1.97823, 2.33949, 0.058427
2.04496, 1.02407, -22.1196, -2.08914, 2.47983, 0.014105
2.08957, 1.10654, -22.2306, -2.54098, 2.89139, 0.037587
2.03374, 1.07457, -22.0265, -2.41416, 3.00056, -0.039796
2.03818, 0.96572, -22.1546, -2.12816, 3.01045, -0.159468
2.0023, 0.943714, -22.1519, -2.0322, 2.89666, -0.160566
1.91356, 0.960173, -22.1951, -1.78763, 2.62565, -0.096709
1.97657, 1.00034, -22.1983, -1.72257, 2.41635, 0.013288
2.01132, 1.0636, -22.3119, -1.83564, 2.30378, 0.089099
2.09715, 1.14561, -22.1682, -1.98214, 2.29582, 0.169476
2.16895, 1.26219, -22.161, -2.20797, 2.29979, 0.201483
2.26534, 1.33565, -22.1604, -2.34794, 2.2735, 0.187239
2.34331, 1.38705, -22.0482, -2.34406, 2.3914, 0.108874
2.34769, 1.38371, -21.5727, -2.22777, 2.62413, 0.119358
2.37588, 1.40198, -21.3074, -2.15953, 2.93976, 0.119352
2.39567, 1.46215, -21.3405, -2.2227, 3.13134, 0.120918
2.36006, 1.58903, -21.3983, -2.38236, 3.18317, 0.193408
2.32338, 1.6782, -21.4805, -2.59232, 3.23695, 0.256733
2.27214, 1.72344, -21.4011, -2.92353, 3.16906, 0.344286
2.18059, 1.72167, -21.021, -3.26883, 3.04988, 0.190805
2.11546, 1.67124, -20.7461, -3.43723, 2.9333, -0.020017
2.06611, 1.5209, -20.6923, -3.2951, 2.84143, -0.190738
1.97168, 1.35323, -20.2043, -2.97331, 2.675, -0.347478
1.93939, 1.18974, -20.0288, -2.67269, 2.63244, -0.333025
1.9337, 1.07212, -20.2864, -2.5463, 2.64618, -0.202554
1.87388, 1.01416, -19.8515, -2.32831, 2.64717, -0.165203
1.89503, 0.945416, -20.2392, -1.87253, 2.78659, -0.117473
1.94716, 0.971112, -20.815, -1.89509, 2.90451, -0.095326
1.83675, 0.989985, -20.8364, -1.96896, 2.85466, 0.017212
1.79554, 0.972166, -21.1052, -1.9011, 2.71769, 0.032677
1.78902, 1.01039, -21.5892, -2.12641, 2.56534, 0.027846
1.71563, 1.04328, -21.1514, -2.42349, 2.28585, 0.007947
1.69345, 0.949641, -20.3597, -2.20549, 2.017, -0.043863
1.76833, 0.87484, -20.6289, -2.05484, 2.01018, -0.13727
1.82256, 0.908385, -20.7384, -2.20107, 2.13404, -0.121827
1.77012, 0.870651, -20.2033, -2.04677, 2.10379, -0.096748
1.84771, 0.806806, -20.4642, -1.68002, 2.11884, -0.121883
1.89439, 0.785734, -20.5925, -1.56551, 2.54701, 0.000278
1.84485, 0.855745, -20.6088, -1.90075, 2.76917, 0.065763
1.88029, 0.855877, -21.2879, -2.05235, 2.7611, -0.018589
1.80886, 0.789258, -21.4234, -2.05721, 2.66816, -0.154719
1.68914, 0.752254, -20.8519, -2.00112, 2.45142, -0.213486
1.62723, 0.631101, -20.6455, -1.59453, 2.24088, -0.363332
1.62278, 0.567186, -20.7405, -1.44197, 2.24316, -0.242634
1.59523, 0.636153, -20.6332, -1.42099, 2.31932, -0.12386
1.558, 0.641981, -20.2654, -1.18024, 2.03016, 0.046037
1.59642, 0.618447, -19.9661, -1.15354, 1.92994, 0.092035
1.63481, 0.718193, -20.0715, -1.38884, 1.89474, 0.117634
1.71422, 0.826441, -20.2559, -1.57582, 1.91115, 0.131309
1.8325, 0.90807, -20.723, -1.77769, 1.93021, 0.106215
1.95639, 0.981961, -20.4724, -1.85838, 1.90723, 0.103003
