Fx [N], Fy [N], Fz [N], Mx [Nm], My [Nm], Mz [Nm]
1.30522, 0.828421, -12.333, -1.76695, 1.498, 0.115391
1.36756, 0.946526, -12.9635, -2.07569, 1.50574, -0.078107
1.34588, 0.96732, -13.0584, -2.00123, 1.33169, -0.197271
1.56828, 1.11935, -14.4407, -2.2067, 1.47626, -0.235744
1.76845, 1.34435, -15.5372, -2.50146, 1.60749, -0.164406
1.85364, 1.39198, -15.5675, -2.47926, 1.61397, -0.066724
2.15843, 1.50143, -16.3678, -2.53732, 1.85559, 0.057416
2.3371, 1.74122, -16.7356, -2.81346, 1.99401, 0.206448
2.29816, 1.7866, -16.1853, -2.71133, 1.83334, 0.21313
2.52515, 1.92099, -16.7168, -2.9264, 1.83428, 0.045457
2.74317, 2.20568, -17.4269, -3.51319, 1.92592, -0.005809
2.77755, 2.31056, -17.1394, -3.69712, 1.84864, -0.061392
2.92678, 2.28293, -17.448, -3.54921, 2.03126, -0.165321
3.12514, 2.41913, -18.1092, -3.73896, 2.27634, 0.065888
3.0967, 2.5161, -18.0479, -3.77755, 2.56048, 0.226316
3.1347, 2.55715, -18.4669, -3.73411, 3.0088, 0.337621
3.20262, 2.67925, -19.1919, -4.08398, 3.52949, 0.368303
2.96064, 2.79701, -19.1588, -4.48763, 3.69884, 0.385159
2.72526, 2.82307, -19.5203, -4.76739, 3.75471, 0.191665
2.49714, 2.89083, -20.0164, -5.23849, 3.64629, 0.034677
2.00669, 2.84304, -19.7775, -5.36295, 3.08946, -0.079492
1.53687, 2.78454, -20.0703, -5.25624, 2.39777, -0.166577
1.07597, 2.61691, -20.3291, -4.9184, 1.58648, -0.158198
0.45843, 2.46467, -19.8999, -4.63261, 0.601512, -0.107219
-0.090857, 2.38746, -19.9528, -4.44462, -0.353222, -0.053018
-0.729631, 2.41541, -20.447, -4.4556, -1.43078, 0.013761
-1.31825, 2.26094, -19.5181, -4.04911, -2.06864, 0.089354
-1.827, 2.05731, -18.4614, -3.55184, -2.30075, 0.052109
-2.2262, 1.8756, -17.6343, -2.94739, -2.23452, -0.050495
-2.52449, 1.59738, -16.5365, -2.16329, -1.84462, -0.213443
-2.75187, 1.48416, -15.8651, -1.6259, -1.34732, -0.359428
-2.93976, 1.35328, -15.9835, -0.939676, -0.975875, -0.386441
-3.01615, 1.22399, -15.6198, -0.461709, -0.500712, -0.236841
-2.94092, 1.11249, -14.8402, -0.360604, -0.51773, 0.092503
-3, 1.17531, -14.8465, -0.688657, -1.38488, 0.248973
-3.15735, 1.30702, -15.5428, -1.24102, -2.81682, 0.167978
-3.0794, 1.39931, -15.7275, -1.88182, -4.05774, -0.020903
-2.87336, 1.52241, -16.0962, -2.42001, -4.55659, 0.067964
-2.52694, 1.56284, -16.0394, -2.71532, -4.47713, 0.188495
-2.16801, 1.59387, -15.8577, -2.93522, -4.25576, 0.141134
-1.71979, 1.68916, -16.195, -3.17635, -3.84784, 0.064169
-1.29766, 1.79381, -16.407, -3.37024, -3.23375, 0.014125
-0.754059, 1.82948, -16.5441, -3.49377, -2.39337, -0.011718
-0.167766, 1.9329, -17.0475, -3.71497, -1.40437, 0.010721
0.287712, 2.15191, -17.3832, -4.09768, -0.632426, 0.074467
0.673114, 2.25901, -17.6351, -4.22476, 0.070696, 0.116334
0.965036, 2.29747, -17.941, -4.28801, 0.540892, 0.122027
1.01523, 2.21767, -17.5571, -4.34122, 0.753443, 0.02483
1.01007, 2.15037, -17.6806, -4.30016, 1.10648, -0.084013
0.889306, 2.00367, -17.753, -3.99114, 1.00364, -0.179618
0.662464, 1.92073, -17.5042, -3.82355, 0.596029, -0.228938
0.61102, 1.93716, -18.0027, -3.80358, 0.388154, -0.303833
0.620522, 1.95384, -18.4489, -3.72349, 0.330981, -0.284978
0.66589, 1.88674, -18.3402, -3.45722, 0.198502, -0.172361
0.887888, 2.00507, -19.1183, -3.71635, 0.449423, -0.019484
1.12346, 2.25661, -19.2869, -4.16024, 0.731184, 0.085641
1.42953, 2.28899, -19.3789, -4.12143, 1.03239, -0.001444
1.93362, 2.38375, -19.8403, -4.25728, 1.46572, 0.030789
2.16736, 2.54866, -19.3418, -4.48993, 1.48009, 0.097639
2.42051, 2.56839, -18.9353, -4.32629, 1.45588, 0.097209
2.7955, 2.52323, -18.8785, -4.06831, 1.60282, 0.125048
2.84561, 2.50714, -18.1728, -3.76044, 1.46589, 0.198662
3.0112, 2.57622, -18.2344, -3.71262, 1.47265, 0.257789
3.10413, 2.61652, -18.1338, -3.6871, 1.55755, 0.278776
3.02946, 2.61373, -17.7789, -3.6598, 1.63431, 0.207835
3.17824, 2.65402, -18.1649, -3.69404, 2.18707, 0.214493
3.13344, 2.69727, -18.0945, -4.05089, 2.78905, 0.311732
2.91819, 2.63225, -17.6478, -4.15581, 2.93102, 0.289924
2.89896, 2.67843, -17.9894, -4.37158, 3.16258, 0.20518
2.77491, 2.70543, -18.0204, -4.62442, 3.22438, 0.117427
2.59811, 2.64011, -17.7427, -4.68124, 3.1067, -0.006166
2.57324, 2.61359, -17.9114, -4.61109, 3.09956, -0.092669
2.58887, 2.69162, -18.4223, -4.69403, 3.15132, -0.040126
2.52392, 2.73609, -18.3552, -4.77529, 3.1466, 0.085327
2.48208, 2.6709, -18.451, -4.44574, 3.07585, 0.130125
2.54662, 2.73814, -18.8998, -4.27708, 2.76012, 0.194786
2.62371, 2.91876, -19.5524, -4.5653, 2.60377, 0.260425
2.59053, 3.02711, -19.5291, -4.86253, 2.37536, 0.27193
2.68928, 3.07939, -19.8295, -5.02523, 2.24399, 0.037585
2.8242, 3.15173, -20.0477, -5.2454, 2.31934, -0.00735
2.83052, 3.22029, -20.1069, -5.61773, 2.5638, 0.130277
2.83984, 3.2343, -20.3321, -5.79658, 3.13086, 0.21336
2.74036, 3.25727, -20.8991, -6.01857, 3.44172, 0.208737
2.41843, 3.23135, -20.8236, -6.14771, 3.32037, 0.047255
2.11018, 3.08963, -20.6644, -5.95759, 3.01886, -0.146296
1.89659, 2.96462, -20.7833, -5.73357, 2.70627, -0.260436
1.62889, 2.7943, -20.1745, -5.3425, 2.25381, -0.299129
1.59382, 2.66668, -20.1798, -4.94043, 1.98217, -0.380277
1.77594, 2.71487, -20.7247, -4.94791, 1.72339, -0.164074
1.98851, 2.9484, -21.1085, -5.32229, 1.76305, 0.084689
2.21251, 3.00822, -20.4165, -5.25691, 1.64157, 0.079855
2.63447, 2.97903, -20.1228, -5.02941, 1.66614, 0.001213
3.12547, 3.16753, -20.1941, -5.17444, 1.39688, 0.151025
3.42296, 3.39037, -20.123, -5.20205, 0.711579, 0.300909
3.63056, 3.40924, -19.8044, -4.75171, -0.070955, 0.395267
3.82003, 3.44876, -19.6273, -4.25198, -0.837785, 0.54983
3.90556, 3.5542, -19.5924, -3.85387, -1.25271, 0.772147
3.97233, 3.62912, -19.5712, -3.63183, -1.01098, 0.906091
3.96071, 3.59367, -19.2846, -3.49595, -0.313928, 0.873134
3.9439, 3.58712, -19.0466, -3.71708, 0.514328, 0.807605
3.93878, 3.67554, -18.9889, -4.30782, 1.48154, 0.614719
3.82193, 3.63712, -18.6343, -4.56842, 1.99199, 0.423346
3.7928, 3.62091, -18.5462, -4.73748, 2.2232, 0.353641
3.63108, 3.51683, -17.9289, -4.74862, 2.16812, 0.278777
3.55174, 3.45263, -17.6742, -4.57028, 2.0114, 0.178284
3.68897, 3.47374, -18.0755, -4.15379, 1.64462, 0.33578
3.62385, 3.50075, -18.1061, -3.83857, 1.171, 0.572046
3.56673, 3.43991, -17.8041, -3.60407, 1.05069, 0.682245
3.71615, 3.51607, -18.3426, -3.65389, 1.18967, 0.68808
3.70798, 3.56396, -18.331, -3.90964, 1.42132, 0.733317
3.69611, 3.62757, -18.3703, -4.48499, 2.03008, 0.746501
3.71297, 3.65672, -18.4449, -5.06002, 2.56043, 0.621018
3.53538, 3.52663, -17.9527, -5.28007, 2.9177, 0.42007
3.4055, 3.44845, -17.7048, -5.46828, 3.09678, 0.271046
3.37508, 3.4618, -18.0352, -5.78198, 3.32687, 0.157785
3.19662, 3.41956, -17.8952, -5.98813, 3.3157, 0.033483
3.02165, 3.28408, -17.4929, -5.91146, 3.17595, -0.134768
3.06495, 3.26118, -17.8452, -5.92968, 3.17139, -0.386948
3.13372, 3.31798, -18.3342, -6.1601, 3.1705, -0.408763
2.99066, 3.24823, -17.9213, -6.1029, 3.05037, -0.276358
3.02256, 3.18691, -18.1638, -5.87774, 2.96743, -0.363356
3.22248, 3.27953, -18.9703, -5.88788, 2.91892, -0.372956
3.13035, 3.34432, -18.9056, -6.04554, 2.724, -0.179152
3.15339, 3.37344, -19.2035, -6.1016, 2.66954, -0.077845
3.33553, 3.42971, -19.882, -6.30455, 2.82617, -0.091241
3.24557, 3.45684, -19.5747, -6.54632, 2.99153, -0.161665
3.31068, 3.45739, -19.9434, -6.68409, 3.26183, -0.212544
3.41213, 3.44954, -20.6281, -6.80463, 3.63592, -0.076167
3.17855, 3.31965, -20.2326, -6.64253, 3.63894, -0.034412
2.9451, 3.17225, -19.9397, -6.44584, 3.58113, -0.169219
2.84256, 3.02759, -20.1334, -6.24897, 3.59545, -0.341721
2.62393, 2.95174, -20.037, -6.09436, 3.4178, -0.430987
2.43809, 2.80417, -19.8921, -5.70741, 3.21171, -0.474393
2.44307, 2.68536, -20.2904, -5.34678, 3.00638, -0.555259
2.55626, 2.69173, -20.622, -5.19066, 2.73422, -0.471346
2.63606, 2.7446, -20.3203, -5.09883, 2.37348, -0.163394
2.76336, 2.79232, -19.972, -5.04316, 2.10027, 0.090588
3.06495, 2.90513, -20.1441, -5.02997, 1.90946, 0.264441
3.28451, 3.00653, -19.9752, -4.97762, 1.56363, 0.353303
3.4261, 3.07726, -19.6858, -4.96246, 1.00658, 0.407301
3.60499, 3.11399, -19.6194, -4.97257, 0.451312, 0.312559
3.62851, 3.1159, -19.1422, -4.94482, -0.074583, 0.193111
3.64583, 3.07815, -18.8716, -4.83963, -0.244406, 0.194827
3.71041, 3.04713, -18.8108, -4.75087, 0.075428, 0.391571
3.68075, 2.99118, -18.5207, -4.58502, 0.849064, 0.50127
3.64026, 2.98512, -18.3489, -4.69971, 1.66284, 0.510556
3.70208, 3.00225, -18.7393, -4.91362, 2.49917, 0.366375
3.61231, 3.01248, -18.6183, -5.2577, 2.89675, 0.188481
3.44242, 2.96546, -18.2461, -5.41549, 3.04308, 0.012834
3.41294, 2.93759, -18.4024, -5.42109, 3.33702, -0.112696
3.34714, 2.91591, -18.51, -5.38317, 3.59139, -0.068257
3.15503, 2.85196, -18.2686, -5.20246, 3.60377, 0.030084
3.16443, 2.84383, -18.6901, -5.07923, 3.6683, -0.013967
3.23038, 2.93365, -19.2573, -5.11507, 3.66811, -0.047454
3.14726, 2.94593, -19.0991, -4.98239, 3.38254, -0.047211
3.17126, 2.92982, -19.1388, -4.73053, 2.85024, -0.012547
3.28355, 2.94812, -19.4329, -4.77924, 2.5702, 0.156177
3.25998, 2.84917, -18.9434, -4.58708, 2.29143, 0.269128
3.33108, 2.70818, -18.77, -4.59127, 2.20372, 0.084606
3.44119, 2.58492, -18.6263, -4.81029, 2.49329, -0.179782
3.38677, 2.50055, -18.1891, -5.00842, 2.78228, -0.389795
3.35486, 2.44599, -18.1015, -5.12274, 2.83174, -0.42638
3.39788, 2.38478, -18.3409, -5.16076, 3.18483, -0.393426
3.29374, 2.25697, -17.9785, -4.91986, 3.40997, -0.453672
3.22897, 2.19844, -17.9922, -4.73024, 3.56672, -0.475446
3.23853, 2.20765, -18.3757, -4.76332, 3.70957, -0.413638
3.16395, 2.25396, -18.4322, -4.8849, 3.74975, -0.40054
3.05985, 2.22518, -18.3626, -4.67957, 3.74208, -0.48835
3.06269, 2.18575, -18.6593, -4.57999, 3.8442, -0.448274
2.9999, 2.21785, -18.7994, -4.62641, 3.89301, -0.321396
2.87581, 2.20722, -18.6242, -4.48692, 3.81082, -0.276596
2.91814, 2.19621, -19.14, -4.27705, 3.86426, -0.236567
2.95002, 2.21498, -19.5537, -4.24691, 3.86726, -0.106772
2.83272, 2.25832, -19.2521, -4.34043, 3.63318, -0.04344
2.86781, 2.26425, -19.5294, -4.26212, 3.20193, -0.144097
2.95271, 2.32666, -19.7078, -4.47206, 2.78518, -0.251915
2.952, 2.37688, -19.3824, -4.65824, 2.53673, -0.26385
3.09694, 2.40341, -19.5778, -4.55716, 2.50575, -0.178158
3.23474, 2.45539, -19.8198, -4.53277, 2.56082, 0.003005
3.1904, 2.44043, -19.3495, -4.2806, 2.58705, 0.177467
3.26761, 2.44225, -19.4856, -4.09918, 2.78779, 0.289338
3.33412, 2.49022, -19.6409, -4.14046, 2.92792, 0.314825
3.32744, 2.51889, -19.5824, -4.2111, 2.93371, 0.249095
3.32996, 2.58942, -19.5948, -4.67003, 2.87914, 0.063922
3.35062, 2.63686, -19.7563, -5.11333, 3.03362, -0.120679
3.35771, 2.62499, -19.7627, -5.33454, 3.2151, -0.173156
3.30051, 2.63687, -19.6813, -5.42943, 3.41681, -0.197592
3.24736, 2.57972, -19.6321, -5.28744, 3.71098, -0.265002
3.1243, 2.50534, -19.2974, -5.07525, 3.78837, -0.30035
3.06752, 2.45934, -19.2942, -4.8387, 3.8354, -0.300209
3.10102, 2.50729, -19.769, -4.76934, 3.96742, -0.190781
3.04009, 2.55628, -19.8736, -4.75969, 3.88408, -0.107961
3.05785, 2.60846, -20.1857, -4.63071, 3.64164, -0.135648
3.13971, 2.68744, -20.5759, -4.62647, 3.35637, -0.115292
3.11083, 2.74562, -20.3818, -4.6911, 3.05243, 0.000514
3.17029, 2.82077, -20.4137, -4.69615, 2.84661, 0.106867
3.36359, 2.93001, -20.9066, -4.77062, 2.80383, 0.176339
3.50592, 3.03045, -21.1028, -4.87443, 2.68104, 0.269828
3.5907, 3.10736, -21.1747, -4.98277, 2.50412, 0.325039
3.75879, 3.14148, -21.3497, -5.05093, 2.37865, 0.274324
3.85755, 3.20919, -21.4088, -5.40699, 2.33489, 0.237745
3.78294, 3.28111, -21.077, -5.87756, 2.38736, 0.13325
3.76491, 3.2496, -20.8934, -6.07721, 2.67086, -0.062226
3.79288, 3.18013, -20.8286, -6.06782, 3.05271, -0.202817
3.72529, 3.17407, -20.6876, -6.06052, 3.45974, -0.098052
3.66641, 3.11501, -20.6657, -5.66917, 3.84256, 0.092588
3.64866, 3.07049, -20.9453, -5.47699, 4.11135, 0.2501
3.56336, 3.12253, -21.1616, -5.63223, 4.29726, 0.24915
3.39614, 3.13918, -21.1156, -5.69374, 4.328, 0.062551
3.40489, 3.09179, -21.3859, -5.60772, 4.34284, -0.152259
3.38897, 3.12241, -21.5812, -5.91824, 4.23267, -0.18994
3.24027, 3.18068, -21.3511, -6.20069, 3.98746, -0.23013
3.20237, 3.07673, -21.1321, -5.89642, 3.90705, -0.326806
3.25041, 3.0369, -21.3213, -5.89243, 3.87493, -0.159382
3.17988, 3.1017, -21.3589, -6.17004, 3.78901, 0.079357
3.09724, 3.07414, -21.1335, -6.08609, 3.76594, -0.042662
3.14858, 3.01823, -21.2657, -6.0217, 3.65288, -0.287858
3.17226, 3.04069, -21.4453, -6.09496, 3.33665, -0.312262
3.14977, 3.09088, -21.4488, -6.12973, 3.03, -0.213314
3.20063, 3.01501, -21.3172, -5.58399, 2.80776, -0.206432
3.24352, 2.91916, -20.8806, -5.14518, 2.71834, -0.047908
3.30588, 3.00411, -20.9478, -5.12708, 2.61914, 0.186049
3.41591, 3.07638, -21.0728, -5.10558, 2.58855, 0.289606
3.55589, 3.08644, -21.2787, -5.02611, 2.59735, 0.271277
3.6024, 3.12476, -21.2355, -5.2086, 2.56433, 0.265574
3.63254, 3.19855, -21.3314, -5.7034, 2.70783, 0.233626
3.59985, 3.20079, -21.1543, -6.13555, 3.22016, 0.158734
3.46631, 3.0885, -20.7566, -6.01647, 3.65487, 0.00655
3.40749, 3.05182, -20.8707, -5.95627, 4.01558, -0.048472
3.2759, 3.03036, -21.1549, -5.96207, 4.26338, -0.06528
3.05795, 2.95231, -21.0177, -5.77158, 4.26424, -0.124714
2.91575, 2.89129, -21.2345, -5.64275, 4.25317, -0.147896
2.66998, 2.89713, -21.5081, -5.70273, 4.04281, -0.175925
2.43051, 2.83165, -21.4603, -5.53581, 3.68952, -0.289767
2.327, 2.76559, -21.7705, -5.36323, 3.46442, -0.365231
2.2025, 2.81148, -21.8917, -5.59586, 3.19351, -0.288574
2.08743, 2.76008, -21.6081, -5.44224, 2.85326, -0.371693
2.16853, 2.65202, -21.6376, -5.04426, 2.52528, -0.435127
2.34974, 2.67445, -21.524, -5.02155, 2.3182, -0.220674
2.5493, 2.72111, -21.3869, -5.07699, 2.22385, -0.004891
2.8997, 2.82396, -21.5359, -5.16406, 2.23492, 0.156006
3.14914, 2.92102, -21.5327, -5.30735, 2.15013, 0.272349
3.24043, 2.9462, -21.1595, -5.36896, 2.00134, 0.321858
3.32009, 2.95124, -20.889, -5.47216, 1.91745, 0.290403
3.32115, 2.94335, -20.6496, -5.62649, 2.19201, 0.237145
3.2665, 2.84575, -20.1925, -5.59881, 2.97247, 0.181864
3.16696, 2.74519, -19.9793, -5.29454, 3.43519, 0.124662
2.99923, 2.67054, -19.7707, -5.17715, 3.60624, 0.13578
2.75445, 2.55902, -19.3106, -4.9645, 3.60555, 0.093629
2.5793, 2.47176, -19.3632, -4.7598, 3.6046, 0.013978
2.44129, 2.42911, -19.4993, -4.70688, 3.58119, 0.01229
2.10906, 2.37008, -19.1858, -4.69319, 3.21266, -0.007159
1.8766, 2.29495, -19.1191, -4.52189, 2.9036, -0.089264
1.70985, 2.24209, -19.1006, -4.43394, 2.61796, -0.136402
1.48169, 2.20309, -18.7772, -4.34112, 2.21962, -0.160044
1.47883, 2.16562, -19.1236, -4.04166, 2.00457, -0.234307
1.59251, 2.18591, -20.1023, -3.89821, 1.87613, -0.088898
1.62906, 2.33215, -20.8618, -4.29988, 1.77971, 0.232547
1.73856, 2.45296, -21.3489, -4.62213, 1.83238, 0.32982
1.77224, 2.47039, -21.3222, -4.77325, 1.73246, 0.206062
1.80551, 2.39921, -20.9327, -4.77161, 1.69205, 0.060715
1.85536, 2.40031, -20.8008, -4.87808, 1.67502, 0.043232
1.87302, 2.41441, -20.7866, -4.90407, 1.66328, -0.027553
1.93096, 2.38314, -20.8369, -4.79313, 1.7314, -0.122952
1.98918, 2.37268, -21.1133, -4.46842, 1.90697, -0.096697
2.05118, 2.36945, -21.461, -4.27319, 2.10233, 0.085561
2.04105, 2.37232, -21.293, -4.26847, 2.25479, 0.221435
1.97963, 2.40133, -21.0647, -4.277, 2.27773, 0.169296
2.08442, 2.45031, -21.607, -4.29759, 2.15449, -0.01668
2.15055, 2.47424, -21.7933, -4.46989, 2.11418, -0.022785
2.08218, 2.50043, -21.4257, -4.78378, 2.05969, 0.155471
2.03658, 2.51914, -21.2207, -5.1068, 2.32472, 0.204309
1.96138, 2.40055, -20.8358, -4.89928, 2.56169, 0.002558
1.89631, 2.32925, -20.7778, -4.69747, 2.64733, -0.062844
1.76937, 2.33599, -20.8705, -4.68518, 2.56146, -0.003017
1.63615, 2.29691, -21.1064, -4.53945, 2.43879, -0.071444
1.60389, 2.27627, -21.538, -4.5011, 2.3646, -0.123675
1.44861, 2.3068, -21.4317, -4.56322, 2.14263, -0.159065
1.37396, 2.28125, -21.5227, -4.37164, 1.98233, -0.230988
1.40023, 2.24104, -21.7815, -4.20015, 1.91746, -0.230266
1.32061, 2.29041, -21.7694, -4.33822, 1.82272, -0.042889
1.27025, 2.3666, -21.7516, -4.28611, 1.52572, 0.006216
1.42786, 2.35125, -22.2923, -4.14035, 1.45665, -0.221006
1.63857, 2.39346, -22.6592, -4.3, 1.57409, -0.090263
1.66472, 2.5068, -22.2605, -4.60269, 1.50271, 0.148148
1.79499, 2.53619, -21.9868, -4.65459, 1.499, 0.177956
2.05303, 2.51759, -21.9923, -4.66618, 1.62159, 0.066121
2.22, 2.58687, -21.992, -4.90456, 1.69982, 0.071956
2.37427, 2.583, -21.911, -5.00563, 1.76358, 0.217259
2.4532, 2.51706, -21.5655, -4.93423, 1.69892, 0.336978
2.45198, 2.52263, -20.9564, -4.90062, 1.57766, 0.368192
2.51473, 2.43239, -20.6339, -4.34313, 1.86474, 0.223946
2.63822, 2.36825, -20.9051, -4.06693, 2.39378, 0.242671
2.65991, 2.43809, -21.1608, -4.24256, 2.56897, 0.469388
2.576, 2.53987, -21.2138, -4.56593, 2.74368, 0.513942
2.51736, 2.51922, -21.0539, -4.62608, 3.05687, 0.227872
2.44747, 2.45852, -21.0204, -4.65063, 3.10652, 0.015321
2.32209, 2.50592, -20.9042, -4.97135, 2.93037, 0.023263
2.1611, 2.51343, -20.7495, -5.09462, 2.7511, -0.001059
2.10902, 2.45846, -20.7916, -4.89492, 2.7648, -0.127509
2.08157, 2.41677, -21.0019, -4.72648, 2.83609, -0.114099
1.96284, 2.47183, -21.088, -4.7667, 2.68294, 0.065057
1.95738, 2.44606, -21.2255, -4.50209, 2.58846, 0.074305
1.99621, 2.41712, -21.3555, -4.24763, 2.48973, -0.025149
1.98547, 2.51999, -21.6066, -4.47289, 2.51211, 0.055733
1.94295, 2.54702, -21.5329, -4.74876, 2.69342, 0.162197
1.86558, 2.4503, -21.3145, -4.7006, 2.7031, 0.083615
1.78727, 2.46385, -21.3876, -4.84274, 2.62504, -0.019835
1.59001, 2.44019, -21.3295, -4.75314, 2.44498, -0.088183
1.47459, 2.29648, -21.3997, -4.46818, 2.25127, -0.174139
1.40668, 2.25001, -21.494, -4.41756, 2.03197, -0.200219
1.27091, 2.26364, -21.1322, -4.46509, 1.78354, -0.163916
1.23661, 2.16634, -20.5268, -4.20731, 1.59847, -0.09573
1.2587, 2.13585, -20.4726, -4.01935, 1.05776, -0.001145
1.36496, 2.26512, -20.8968, -4.29166, 1.01369, 0.015142
1.47922, 2.36264, -21.236, -4.54255, 1.12418, 0.051948
1.52697, 2.3547, -21.1647, -4.56619, 1.19317, 0.101528
1.60784, 2.3508, -21.2149, -4.4794, 1.27055, 0.106761
1.65693, 2.38212, -21.4236, -4.39754, 1.43175, 0.147259
1.66023, 2.39757, -21.4336, -4.4681, 1.43245, 0.164171
1.71389, 2.40212, -21.5154, -4.45459, 1.32003, 0.023198
1.8158, 2.46808, -21.6425, -4.59404, 1.41328, -0.10547
1.87457, 2.50488, -21.5112, -4.67886, 1.47513, -0.053102
1.87532, 2.47275, -21.3336, -4.66171, 1.51943, 0.128563
1.89965, 2.50502, -21.4759, -4.69267, 1.77649, 0.272185
1.89158, 2.49329, -21.4904, -4.67685, 2.27197, 0.284195
1.77354, 2.40697, -21.1301, -4.54617, 2.42744, 0.156635
1.69006, 2.41911, -21.3871, -4.59515, 2.37561, 0.09551
1.60047, 2.46286, -21.5867, -4.6516, 2.23571, -0.004953
1.50772, 2.44196, -21.2599, -4.46564, 1.96498, -0.127334
1.56343, 2.49458, -21.5548, -4.30583, 1.59882, -0.117018
1.71038, 2.59385, -21.9456, -4.42887, 1.54123, 0.09843
1.74094, 2.7092, -21.871, -4.72234, 1.45942, 0.252323
1.87148, 2.76314, -21.7366, -4.78122, 1.37146, 0.177259
