Fx [N], Fy [N], Fz [N], Mx [Nm], My [Nm], Mz [Nm]
2.21388, 0.306097, -13.945, -1.24353, 2.71096, -0.183524
2.21724, 0.265213, -14.3274, -1.01875, 2.86214, -0.125664
2.23401, 0.276243, -14.9824, -0.754157, 2.84517, -0.111946
2.24422, 0.355641, -15.4581, -0.721636, 2.77548, 0.043709
2.29854, 0.439709, -15.7654, -0.752444, 2.68575, 0.096085
2.34062, 0.549803, -16.1242, -0.823075, 2.60276, 0.1091
2.44095, 0.672257, -16.6017, -0.95404, 2.68452, 0.153396
2.54698, 0.792196, -17.0291, -1.06329, 2.87647, 0.195352
2.60198, 0.892772, -16.9427, -1.16526, 3.05821, 0.243331
2.5921, 0.996701, -17.1244, -1.30287, 3.11636, 0.264265
2.66383, 1.11961, -17.7052, -1.52883, 3.33911, 0.307723
2.6558, 1.21832, -18.0669, -1.8616, 3.50872, 0.419404
2.55715, 1.21865, -17.9566, -2.19222, 3.53969, 0.271594
2.44054, 1.10631, -17.5418, -2.25561, 3.37233, -0.019227
2.38903, 0.986364, -17.5716, -2.20867, 3.37608, -0.121172
2.33427, 0.825636, -17.6817, -2.02792, 3.35033, -0.165366
2.16519, 0.664141, -17.2208, -1.72328, 3.14096, -0.199969
2.01232, 0.563682, -17.1553, -1.42501, 2.87862, -0.255899
1.98352, 0.570143, -17.5853, -1.30029, 2.83346, -0.246797
1.92206, 0.631883, -17.7476, -1.2135, 2.71488, -0.062412
1.89924, 0.743842, -18.0121, -1.26005, 2.48472, 0.08505
1.9686, 0.888811, -18.6372, -1.51001, 2.48045, 0.118103
2.03685, 0.982873, -18.893, -1.62589, 2.46089, -0.013874
2.08781, 1.05248, -19.1986, -1.71623, 2.46142, -0.046329
2.20994, 1.13124, -19.7879, -1.99083, 2.56259, -0.111186
2.30342, 1.08756, -19.6151, -2.27357, 2.80375, -0.05889
2.29385, 0.937408, -18.9409, -2.11275, 2.86748, 0.048747
2.38734, 0.821285, -19.1859, -1.97575, 2.89634, -0.039148
2.42162, 0.704117, -18.8223, -1.7948, 2.87011, -0.208484
2.35701, 0.581008, -18.2191, -1.46123, 2.61366, 0.000622
2.55962, 0.566876, -18.6498, -1.21495, 2.7198, 0.082012
2.70774, 0.665547, -18.9394, -1.10445, 2.90275, 0.039935
2.79954, 0.787224, -19.029, -1.1407, 3.01341, 0.131028
2.96806, 0.942495, -19.5967, -1.22392, 3.2555, 0.211838
3.0599, 1.07808, -20.0588, -1.43276, 3.51599, 0.257015
3.03532, 1.12045, -19.6422, -1.47032, 3.53641, 0.093992
3.07514, 1.16065, -19.7541, -1.63775, 3.73432, 0.264757
3.15637, 1.20734, -20.1762, -2.0424, 4.17244, 0.237771
3.07237, 1.16133, -19.9083, -2.30413, 4.15181, 0.008534
2.94735, 1.00229, -19.4169, -2.23592, 3.90397, -0.057969
2.98262, 0.878882, -19.5657, -2.13673, 3.91043, -0.086197
2.99202, 0.784785, -19.6897, -2.01555, 3.9347, -0.169948
2.91883, 0.713432, -19.3319, -1.79249, 3.76006, -0.178438
2.91749, 0.694406, -19.7352, -1.55026, 3.62216, 0.085029
3.02598, 0.734399, -19.9067, -1.47051, 4.13604, 0.112855
2.91497, 0.756866, -19.706, -1.40951, 4.14495, -0.019072
2.90277, 0.802344, -19.9509, -1.44925, 4.18686, 0.113348
2.84329, 0.86154, -19.974, -1.56968, 4.18229, 0.180111
2.71831, 0.923931, -20.0027, -1.57649, 4.02203, 0.146465
2.70372, 1.01408, -20.2288, -1.62024, 3.87763, 0.044635
2.61135, 1.0979, -20.5551, -1.77409, 3.75345, 0.143126
2.60547, 1.14701, -20.7643, -1.94761, 3.63799, 0.263256
2.55789, 1.15233, -20.5854, -1.90656, 3.4355, 0.227838
2.524, 1.14302, -20.476, -1.9836, 3.16138, -0.095997
2.5955, 1.14099, -20.5447, -2.29881, 3.28578, -0.124413
2.64269, 1.08608, -20.7837, -2.35925, 3.46428, 5.1e-05
2.77186, 0.993949, -21.0573, -2.34698, 3.74535, -0.141492
2.70937, 0.811588, -20.4889, -2.1407, 3.71769, -0.193795
2.62987, 0.636848, -19.945, -1.87055, 3.58236, -0.102923
2.66613, 0.492503, -20.0213, -1.63922, 3.67526, -0.14796
2.54167, 0.3767, -19.3561, -1.35036, 3.54412, -0.206005
2.48351, 0.344888, -19.5088, -0.995043, 3.49368, -0.180982
2.55594, 0.389536, -20.0904, -0.800474, 3.59737, 0.079732
2.50547, 0.501483, -20.1645, -0.92115, 3.63049, 0.045296
2.51151, 0.609903, -20.3646, -1.17408, 3.73498, -0.00102
2.45764, 0.627282, -20.5564, -1.50304, 3.73843, 0.10615
2.36793, 0.557714, -20.649, -1.5979, 3.54496, 0.084804
2.31917, 0.415934, -20.643, -1.4426, 3.42129, -0.069404
2.14623, 0.180533, -19.7911, -1.07215, 3.10254, -0.20183
2.04382, 0.025638, -19.4794, -0.732686, 2.91592, -0.241691
2.05388, -0.045284, -19.7705, -0.577546, 2.96157, -0.154301
1.95249, -0.070578, -19.3983, -0.36294, 2.87547, 0.034777
1.94589, -0.054727, -19.8191, -0.151977, 2.82186, 0.084663
1.97224, -0.006941, -20.4933, -0.268621, 2.83116, 0.123612
1.87821, 0.026656, -20.4061, -0.363456, 2.69571, 0.15027
1.90298, 0.056497, -20.1908, -0.395511, 2.56804, 0.150672
1.83769, 0.04997, -19.9986, -0.387167, 2.25847, 0.072535
1.82866, 0.057631, -19.7676, -0.41948, 2.1608, 0.0494
1.9197, 0.065946, -20.0106, -0.483101, 2.39249, 0.114114
1.95606, 0.067981, -20.049, -0.570263, 2.72283, 0.065092
1.89368, 0.067403, -19.6211, -0.555974, 2.82726, -0.062949
1.88604, 0.073304, -20.0914, -0.491823, 2.79608, 0.046367
1.92419, 0.073579, -20.237, -0.477344, 2.8222, 0.019349
1.8012, 0.087516, -20.072, -0.285043, 2.56754, 0.043418
1.78086, 0.134035, -20.1985, -0.385803, 2.46371, 0.155555
1.7875, 0.180057, -20.3762, -0.529088, 2.49733, 0.1699
1.76067, 0.234112, -20.2556, -0.586658, 2.40099, 0.169907
1.78376, 0.318514, -20.4978, -0.696198, 2.36928, 0.177994
1.78113, 0.370135, -20.4383, -0.822291, 2.36852, 0.170592
1.75098, 0.380491, -20.3661, -0.871079, 2.33479, 0.159396
1.79951, 0.420459, -20.3238, -1.032, 2.53376, 0.127745
1.7497, 0.401667, -19.9498, -0.969981, 2.5527, -0.077767
1.65431, 0.421863, -20.1264, -0.780892, 2.22398, 0.0545
1.69569, 0.526393, -20.4316, -0.915853, 2.15044, 0.129928
1.68263, 0.657783, -20.157, -1.05558, 2.028, 0.028861
1.78509, 0.840084, -20.569, -1.31366, 1.99046, -0.021969
1.92829, 1.00422, -21.0166, -1.60238, 2.09363, 0.051709
2.03263, 1.07247, -20.9398, -1.76547, 2.1251, 0.114948
2.22167, 1.13008, -21.1256, -1.89156, 2.21276, 0.069479
2.40134, 1.08015, -20.8158, -1.97892, 2.36651, -0.075061
2.45528, 0.928919, -19.6353, -1.81099, 2.39849, -0.091365
2.65544, 0.868305, -19.5908, -1.63873, 2.56841, 0.002603
2.88612, 0.851621, -19.7804, -1.5455, 2.78309, -0.070202
2.92022, 0.83224, -19.1239, -1.37392, 2.72412, -0.093092
3.08792, 0.901425, -19.2897, -1.29181, 2.84255, -0.010143
3.28157, 1.0016, -19.6258, -1.30814, 3.10285, 0.058565
3.2676, 1.07299, -19.1962, -1.26778, 3.12244, 0.012294
3.44913, 1.18405, -19.5978, -1.38167, 3.38744, 0.051658
3.50675, 1.25094, -19.696, -1.49107, 3.64414, 0.125476
3.38941, 1.24733, -19.1997, -1.47154, 3.57462, 0.148054
3.49633, 1.31473, -19.667, -1.53997, 3.64828, 0.178497
3.52654, 1.34074, -19.7147, -1.86956, 3.99562, 0.202826
3.41916, 1.30553, -19.2103, -2.25746, 4.12907, -0.03876
3.461, 1.27439, -19.4208, -2.34324, 4.10626, -0.075296
3.40338, 1.20055, -19.0795, -2.29117, 4.21153, -0.052197
3.25443, 1.14037, -18.5422, -1.98386, 4.13612, -0.060304
3.26154, 1.13851, -18.882, -1.51408, 3.82942, -0.05101
3.2641, 1.19288, -19.0506, -1.4105, 3.62753, 0.03524
3.30573, 1.31475, -19.1681, -1.47484, 3.72685, -0.035571
3.35306, 1.43517, -19.3432, -1.62033, 3.83058, -0.061765
3.29715, 1.53642, -19.6565, -1.71687, 3.68538, -0.094514
3.46385, 1.68626, -20.5107, -1.92028, 3.66879, 0.045946
3.51769, 1.73094, -20.4658, -2.06347, 3.5319, 0.015303
3.50115, 1.72001, -20.3918, -2.28822, 3.28968, 0.008068
3.6887, 1.67529, -20.5608, -2.5575, 3.39061, -0.006048
3.65556, 1.43779, -19.5309, -2.48358, 3.24982, -0.117087
3.64992, 1.20752, -18.7699, -2.18571, 2.92225, -0.23002
3.81476, 1.05297, -18.8098, -1.94812, 2.83879, -0.264262
3.86237, 0.9362, -18.5183, -1.70097, 2.73182, -0.175746
3.98155, 0.873041, -18.5368, -1.36467, 2.67911, -0.076956
4.14424, 0.877487, -18.8936, -1.15597, 2.83617, -0.093087
4.11195, 0.897763, -18.6517, -0.864668, 3.06766, -0.025922
4.27969, 1.02039, -19.2239, -0.827883, 3.80749, 0.04201
4.33792, 1.17477, -19.359, -1.02541, 4.41553, 0.05739
4.28473, 1.324, -19.7402, -1.10311, 4.55512, 0.157481
4.40854, 1.52564, -20.6606, -1.29361, 4.78173, 0.243214
4.36453, 1.62533, -20.43, -1.64854, 5.0735, 0.292756
4.20252, 1.61339, -19.9747, -1.81493, 4.94447, 0.217535
4.26241, 1.6729, -20.531, -2.15619, 4.88909, 0.171971
4.21858, 1.60375, -20.2817, -2.5061, 4.72787, 0.184375
4.12512, 1.45809, -19.5176, -2.409, 4.56512, 0.161838
4.06318, 1.38532, -19.2495, -2.29733, 4.38312, 0.039135
4.08662, 1.38542, -19.3672, -2.26589, 4.66767, 0.103058
4.15149, 1.38954, -19.6444, -2.14916, 5.24802, 0.243711
4.07061, 1.40027, -19.7431, -2.05615, 5.49396, 0.236135
3.97126, 1.4534, -19.9193, -2.10952, 5.5783, 0.290701
3.86084, 1.53687, -20.271, -2.37044, 5.69867, 0.283957
3.6685, 1.54225, -20.4594, -2.58362, 5.61738, 0.150997
3.48756, 1.55478, -20.6556, -2.60609, 5.32755, 0.07827
3.34985, 1.54255, -20.8026, -2.66038, 4.96213, 0.041469
3.3001, 1.51949, -20.734, -2.80248, 4.73907, 0.214188
3.27777, 1.46754, -20.5935, -2.7077, 4.3949, 0.229022
3.25031, 1.40447, -20.3953, -2.45798, 3.96852, 0.010325
3.28659, 1.38011, -20.366, -2.33363, 3.95148, -0.047582
3.43955, 1.41748, -20.6708, -2.38999, 4.33199, 0.066548
3.47135, 1.44555, -20.857, -2.39098, 4.87814, 0.15781
3.42597, 1.48236, -21.16, -2.37886, 5.03922, 0.125738
3.41317, 1.52726, -21.41, -2.60903, 5.104, 0.239971
3.31406, 1.48823, -21.0917, -2.88964, 4.92168, 0.17821
3.21241, 1.33661, -20.7399, -2.7873, 4.54992, -0.096682
3.14896, 1.19616, -20.7306, -2.67188, 4.50708, -0.187431
3.21364, 1.08777, -20.9302, -2.59847, 4.62051, -0.127266
3.13568, 0.872548, -20.3539, -2.26119, 4.33517, -0.228997
3.01241, 0.707261, -19.9432, -1.96484, 4.03843, -0.25974
3.16892, 0.628404, -20.3104, -1.87155, 4.2186, -0.118871
3.18816, 0.584954, -20.4016, -1.70541, 4.29559, -0.087781
3.11509, 0.548013, -20.4214, -1.55582, 4.1713, -0.124004
3.22556, 0.556709, -20.9009, -1.58126, 4.54681, -0.007862
3.19643, 0.571749, -20.9854, -1.22013, 4.71072, -0.051577
3.20132, 0.623056, -21.2677, -1.17802, 4.61121, -0.158122
3.19558, 0.6489, -21.302, -1.38992, 4.65828, -0.203498
3.12163, 0.642084, -21.0955, -1.39453, 4.57691, 7e-05
3.18429, 0.664719, -21.2825, -1.3402, 4.69492, 0.106975
3.14712, 0.674395, -21.13, -1.45063, 4.75754, 0.101874
3.00875, 0.672418, -20.587, -1.1777, 4.41582, 0.165682
3.01476, 0.801665, -20.7971, -1.17111, 4.13129, 0.308367
3.05492, 0.986327, -21.0619, -1.49156, 4.0479, 0.603255
3.0746, 1.21288, -21.0827, -1.5597, 3.93502, 0.452514
3.23688, 1.48976, -21.706, -1.78408, 3.98543, 0.17283
3.26175, 1.68717, -21.5212, -1.97597, 3.90912, 0.050116
3.27614, 1.86553, -21.5243, -2.15845, 3.75851, 0.230597
3.42625, 1.96913, -21.8603, -2.59511, 4.0152, 0.532224
3.41062, 1.92905, -21.1563, -2.86425, 4.2955, 0.474591
3.34809, 1.87271, -20.8927, -3.05391, 4.41476, 0.061624
3.34993, 1.78918, -20.791, -3.16067, 4.41448, -0.061935
3.19725, 1.59674, -20.0894, -3.10439, 4.37326, 0.082328
3.19794, 1.44281, -20.2269, -2.96577, 4.46969, 0.098876
3.13355, 1.26639, -19.9101, -2.73202, 4.45626, -0.120529
2.99711, 1.16105, -19.7146, -2.47075, 4.27343, -0.20154
3.11524, 1.16362, -20.3447, -2.35799, 4.49098, -0.191028
3.04806, 1.17334, -20.3089, -2.13736, 4.5662, 0.012163
2.94424, 1.20838, -20.2797, -1.91987, 4.23023, 0.074951
3.00477, 1.34351, -21.1019, -1.93642, 4.12913, 0.157546
2.90945, 1.42814, -20.7794, -1.97199, 3.96831, -0.001151
2.92557, 1.61734, -21.1414, -2.09745, 3.81505, 0.063765
3.07995, 1.89529, -22.0786, -2.37831, 3.9418, 0.229661
3.01526, 2.05052, -21.8819, -2.58682, 3.8339, 0.506929
3.06061, 2.2556, -22.2159, -2.81311, 3.83317, 0.595625
3.11565, 2.46281, -22.4206, -2.89674, 3.82112, 0.424417
3.0314, 2.58111, -22.1489, -3.00836, 3.53317, 0.264255
3.07142, 2.62325, -22.0034, -3.27802, 3.35377, 0.328992
3.13745, 2.60853, -21.8709, -3.78163, 3.63543, 0.503525
3.21582, 2.43883, -21.5232, -3.88406, 3.8165, 0.314934
3.2139, 2.16585, -20.8827, -3.85449, 3.8554, -0.068266
3.20574, 1.74453, -20.0504, -3.54738, 3.92964, -0.243527
3.23948, 1.36248, -19.6173, -3.09978, 4.00383, -0.283385
3.2128, 1.05346, -19.1185, -2.63981, 3.99501, -0.268474
3.20631, 0.832312, -18.9171, -2.30136, 3.98519, -0.191306
3.30606, 0.683374, -19.2424, -2.07049, 4.12058, -0.280788
3.29329, 0.564635, -19.1654, -1.89347, 4.1588, -0.309155
3.25659, 0.418258, -18.8852, -1.65074, 4.12622, -0.369872
3.29716, 0.288861, -19.017, -1.51071, 4.30277, -0.266109
3.29586, 0.16501, -19.2087, -1.31869, 4.45344, -0.328644
3.21323, 0.059748, -18.9162, -0.974238, 4.39801, -0.392287
3.19007, 0.019811, -19.3531, -0.603778, 4.51617, -0.283583
3.1906, 0.070567, -19.5751, -0.432687, 4.66082, -0.060643
3.09623, 0.222832, -19.7815, -0.482133, 4.60943, 0.002929
3.06008, 0.37244, -20.2622, -0.723333, 4.60867, 0.082036
2.98125, 0.471533, -20.4882, -0.982377, 4.55971, 0.107393
2.87878, 0.506348, -20.5307, -1.18672, 4.45548, -0.054642
2.79492, 0.476965, -20.1545, -1.22266, 4.24245, -0.172739
2.64998, 0.438686, -19.9629, -1.20365, 4.00915, -0.202961
2.71533, 0.445903, -20.1344, -1.221, 4.05001, -0.034074
2.6609, 0.428534, -20.2828, -0.797376, 3.60097, 0.052971
2.67663, 0.497271, -20.1332, -0.831421, 3.32004, -0.091291
2.87512, 0.600856, -20.573, -1.0163, 3.45493, -0.129927
2.95261, 0.668371, -20.5802, -1.08034, 3.53544, -0.059489
3.0226, 0.738186, -20.6769, -1.1775, 3.67413, -0.0133
3.08017, 0.774959, -20.3781, -1.69704, 3.91738, 0.05097
2.95054, 0.653981, -19.5958, -1.73509, 4.04126, 0.160496
2.96679, 0.535688, -20.0126, -1.6767, 4.27054, -0.026353
2.86147, 0.333455, -19.6292, -1.46983, 4.16006, -0.168239
2.63145, 0.098141, -19.0073, -1.04949, 3.8718, -0.248946
2.63485, -0.055741, -19.3442, -0.698171, 3.92753, -0.104623
2.53024, -0.107028, -19.5617, -0.375878, 3.89135, -0.098695
2.33786, -0.105451, -19.321, -0.102253, 3.54471, -0.141084
2.31517, -0.011677, -19.6445, -0.066099, 3.32594, -0.036386
2.27059, 0.127039, -19.7616, -0.222449, 3.15167, -0.017117
2.28609, 0.252637, -19.6637, -0.412064, 3.02767, -0.00032
2.34373, 0.373435, -19.9146, -0.576308, 3.03487, 0.004756
2.41431, 0.48123, -20.2506, -0.7566, 3.09218, -0.009755
2.45987, 0.603318, -20.3914, -0.949436, 3.12927, -0.114855
2.53695, 0.683236, -20.6826, -1.1364, 3.14068, -0.028992
2.61009, 0.719046, -20.6125, -1.32762, 3.23312, 0.093339
2.62771, 0.721458, -20.4215, -1.57189, 3.26675, 0.042709
2.58881, 0.649974, -20.1079, -1.45581, 3.08642, -0.112469
2.5979, 0.621341, -19.8097, -1.22893, 3.01604, -0.14612
2.68642, 0.656669, -19.9507, -1.15104, 3.1182, -0.054955
2.71768, 0.693912, -19.7824, -1.04902, 3.23094, -0.084558
2.74191, 0.797622, -20.031, -1.08263, 3.39947, -0.084221
2.91362, 0.945272, -20.5195, -1.37085, 3.86368, -0.012303
2.80156, 0.9641, -20.0422, -1.78256, 4.11394, -0.022603
2.64519, 0.889952, -19.5568, -1.86691, 3.97205, -0.127477
2.62267, 0.867547, -19.8772, -1.84316, 3.98989, -0.147485
2.44053, 0.84205, -19.4258, -1.68319, 3.72998, -0.117293
2.31191, 0.859648, -19.4399, -1.3268, 3.26188, -0.048501
2.35686, 1.09272, -20.0743, -1.48538, 3.1151, 0.007585
2.36072, 1.42047, -20.664, -1.84869, 2.9901, 0.040173
2.4767, 1.70614, -21.3656, -2.20664, 3.00956, 0.124944
2.53174, 1.87834, -21.6243, -2.47202, 2.97043, 0.16324
2.59937, 1.97332, -21.6489, -2.71306, 2.88502, 0.030505
2.67429, 1.9842, -21.5516, -3.04491, 2.92446, -0.042581
2.72284, 1.8656, -21.2641, -3.31383, 3.16904, -0.019473
2.79049, 1.65885, -20.4683, -3.16472, 3.34645, -0.1224
2.82397, 1.56958, -20.6144, -3.01466, 3.35386, -0.203489
2.9181, 1.44211, -20.5065, -2.81834, 3.43272, -0.364288
2.89981, 1.33884, -20.2129, -2.70871, 3.51244, -0.323484
2.91784, 1.26354, -19.9315, -2.61659, 3.61479, -0.19382
2.90397, 1.23162, -19.7992, -2.27372, 3.61605, -0.110998
2.85832, 1.24035, -19.6197, -1.73578, 3.65977, -0.010541
2.90134, 1.46233, -20.3373, -1.98883, 3.87171, -0.03114
2.81003, 1.65532, -20.4205, -2.1927, 3.78248, -0.007117
2.71293, 1.84274, -20.9556, -2.36801, 3.54154, 0.042227
2.76142, 2.06722, -21.7792, -2.77594, 3.7202, 0.161798
2.77232, 2.18158, -21.9815, -3.31704, 3.96063, 0.073774
2.67609, 2.12785, -21.686, -3.67835, 3.767, -0.094405
2.69977, 2.00233, -21.7294, -3.75393, 3.57039, -0.163765
2.65495, 1.76187, -20.8463, -3.53462, 3.41528, -0.205827
2.56552, 1.44576, -19.6949, -3.08844, 3.22669, -0.197457
2.71131, 1.27896, -20.0913, -2.86777, 3.44124, -0.1378
2.75014, 1.09263, -19.7411, -2.60546, 3.54959, -0.120143
2.65246, 0.957568, -19.1449, -2.30637, 3.46329, -0.199157
2.80293, 0.955063, -20.0028, -2.15186, 3.7013, -0.199765
2.80244, 0.976471, -20.0652, -1.90735, 4.04886, -0.038937
2.68882, 1.02458, -20.1218, -1.64198, 3.80207, 0.055171
2.74179, 1.19172, -20.8694, -1.72527, 3.72663, -0.010341
2.67454, 1.37119, -21.2177, -1.93699, 3.68355, 0.04356
2.69842, 1.59918, -21.6201, -2.13573, 3.52039, 0.122103
2.76209, 1.78389, -22.0096, -2.37505, 3.46843, 0.161282
2.68291, 1.86157, -21.5745, -2.48073, 3.26646, 0.091642
2.75565, 1.91226, -21.3752, -2.64413, 3.22457, 0.134026
2.76211, 1.92088, -21.007, -2.79758, 3.19886, 0.149362
2.66502, 1.83213, -20.2947, -2.62491, 2.97974, 0.147508
2.72717, 1.89709, -20.9003, -2.66552, 3.14713, 0.19852
2.81187, 1.95559, -20.9303, -3.11866, 3.641, 0.248948
2.70587, 1.84974, -20.2126, -3.17828, 3.61903, 0.182752
2.69738, 1.83583, -20.4823, -3.26556, 3.63733, 0.024124
2.72457, 1.81835, -20.5386, -3.32331, 3.62915, -0.045965
2.59602, 1.71777, -19.9018, -3.01351, 3.23113, -0.048183
2.60995, 1.69263, -19.9515, -2.56154, 2.81849, 0.046666
2.68496, 1.746, -20.0951, -2.49069, 2.85932, 0.027655
2.71363, 1.79008, -19.9833, -2.34888, 2.77867, 0.058959
2.92025, 1.91643, -20.67, -2.44339, 2.88303, 0.03817
3.02183, 1.9625, -20.5685, -2.66763, 2.88204, -0.03836
3.02038, 1.88012, -19.9352, -2.83452, 2.8834, -0.150931
3.2386, 1.80743, -20.0747, -3.03563, 3.23088, -0.193641
3.21276, 1.64058, -19.4859, -2.85063, 3.2034, -0.217696
3.19584, 1.49618, -19.0172, -2.64172, 3.06908, -0.220444
3.34021, 1.42275, -19.1322, -2.41216, 3.17387, -0.172528
3.30052, 1.37889, -18.7006, -1.83317, 2.99464, -0.087025
3.3983, 1.49863, -19.1743, -1.65128, 3.19465, -0.003374
3.526, 1.63416, -19.6171, -1.82003, 3.62202, 0.013446
3.48711, 1.6531, -19.2509, -2.07178, 4.02075, -0.013667
3.50848, 1.69338, -19.2758, -2.48351, 4.37569, -0.034755
3.35774, 1.62071, -18.7916, -2.64267, 4.41419, -0.079551
3.20172, 1.57545, -18.4743, -2.55739, 4.36457, -0.071316
3.20771, 1.61403, -18.9135, -2.50523, 4.50986, 0.008621
3.08736, 1.67184, -19.0187, -2.49605, 4.43505, 0.060603
2.9813, 1.75072, -19.1976, -2.47283, 4.28741, 0.145372
2.91651, 1.89775, -19.7101, -2.78076, 4.3126, 0.168865
2.71757, 1.92818, -19.5732, -3.11384, 4.1656, 0.106145
2.50925, 1.88652, -19.3565, -3.2385, 3.8983, 0.041263
2.31216, 1.83842, -19.4273, -3.34202, 3.6424, -0.006042
2.0432, 1.70646, -18.9946, -3.32434, 3.22393, 0.06765
1.79724, 1.60513, -18.9293, -3.16517, 2.83807, 0.08789
1.63161, 1.60278, -19.4394, -3.05395, 2.56725, -0.002391
1.398, 1.56496, -19.0274, -2.82292, 2.03377, -0.059049
1.32726, 1.55103, -18.4723, -2.52883, 1.45298, -0.093967
1.47091, 1.64005, -18.5701, -2.61064, 1.31854, -0.103003
1.66161, 1.75934, -18.4489, -2.63999, 1.3787, -0.118843
1.97352, 1.89477, -18.5984, -2.70303, 1.57426, -0.13379
2.34646, 1.94629, -18.765, -2.669, 1.83408, -0.130983
2.63394, 2.00771, -18.9019, -2.64985, 2.07664, -0.067525
2.80888, 1.98635, -18.7296, -2.66363, 2.28295, 0.015209
