Fx [N], Fy [N], Fz [N], Mx [Nm], My [Nm], Mz [Nm]
-1.75741, -0.121787, -11.5584, -0.109973, -0.950858, -0.306095
-1.78088, -0.089696, -11.4145, -0.246652, -0.861169, -0.234192
-1.75076, -0.085733, -11.023, -0.240767, -1.03673, -0.292398
-1.85776, -0.105417, -11.4976, -0.069582, -1.99499, -0.207795
-1.86811, -0.068536, -11.796, -0.180739, -2.51808, -0.0679
-1.75445, -0.021945, -11.6668, -0.389278, -2.80543, -0.020168
-1.57987, -0.053593, -11.4262, -0.412749, -2.90715, 0.121451
-1.35497, -0.087201, -11.2185, -0.470925, -2.80629, 0.260039
-1.07538, -0.156737, -10.6023, -0.407768, -2.50073, 0.298355
-0.863735, -0.264004, -10.2615, -0.200736, -2.29639, 0.22392
-0.676758, -0.371891, -10.43, -0.000967, -2.09088, 0.152308
-0.478604, -0.429434, -10.0833, 0.136763, -1.79867, 0.098166
-0.294028, -0.474765, -9.64229, 0.281018, -1.53528, 0.027251
-0.137602, -0.523366, -10.3047, 0.482168, -1.29749, 0.019043
-0.040048, -0.520326, -11.0012, 0.506664, -0.98907, 0.139057
0.010854, -0.496249, -10.6568, 0.400598, -0.736299, 0.190076
-0.017416, -0.500281, -10.6834, 0.385955, -0.588152, 0.092918
-0.098095, -0.493012, -10.5887, 0.291632, -0.587206, -0.064794
-0.233356, -0.497267, -9.94113, 0.18339, -0.701813, -0.103871
-0.371907, -0.57019, -9.72951, 0.302131, -0.909831, -0.328718
-0.484621, -0.599028, -10.0604, 0.344152, -1.05903, -0.397064
-0.562958, -0.569167, -9.88131, 0.357223, -1.12363, -0.324858
-0.630477, -0.576109, -10.0957, 0.525309, -1.34219, -0.246241
-0.714347, -0.577845, -10.9996, 0.596372, -1.82304, -0.129822
-0.711608, -0.514309, -11.2325, 0.376623, -1.99168, -0.06872
-0.601299, -0.517388, -10.8619, 0.284878, -1.91825, -0.029421
-0.474569, -0.582918, -10.9275, 0.358522, -1.7924, -0.079352
-0.284511, -0.599237, -10.8085, 0.399234, -1.52344, -0.0377
-0.09952, -0.613422, -10.1902, 0.462775, -1.24658, 0.004744
0.115377, -0.656152, -10.2751, 0.642935, -0.925488, -8.3e-05
0.38386, -0.638902, -10.9605, 0.633675, -0.511648, 0.030118
0.574675, -0.576812, -10.6493, 0.45391, -0.150616, 0.170735
0.710863, -0.571539, -10.6363, 0.492925, 0.054761, 0.150994
0.941858, -0.564459, -11.1126, 0.478078, 0.344523, 0.150892
1.02556, -0.459147, -10.8816, 0.256168, 0.491594, 0.206804
1.01702, -0.441775, -10.2552, 0.268282, 0.470693, 0.133272
1.1371, -0.442309, -10.9012, 0.271476, 0.58871, -0.006087
1.1505, -0.377457, -11.0103, -0.062153, 0.66679, -0.033851
1.07698, -0.366721, -10.3086, -0.194852, 0.754674, -0.054278
1.13287, -0.438957, -10.5178, -0.014428, 0.864476, -0.075947
1.16345, -0.389067, -10.9348, -0.164058, 0.894812, -0.047762
1.10664, -0.390658, -10.5681, -0.182521, 0.976148, -0.032434
1.09527, -0.466865, -10.4647, 0.065493, 1.06211, -0.051579
1.13098, -0.469516, -11.1259, 0.011249, 1.12627, -0.069459
1.08835, -0.479829, -10.8983, -0.101745, 1.06391, -0.060171
0.931285, -0.528235, -10.1889, -0.01731, 0.925086, -0.081749
0.909111, -0.635559, -10.6397, 0.26298, 0.940957, -0.139598
0.894479, -0.644424, -10.909, 0.32733, 0.923807, -0.219059
0.768212, -0.651832, -10.4959, 0.425355, 0.792147, -0.15842
0.800338, -0.77014, -11.109, 0.840013, 0.670186, -0.127143
0.812212, -0.729931, -11.4926, 0.729656, 0.392265, -0.079902
0.765463, -0.653592, -10.88, 0.464628, 0.256635, -0.015848
0.821617, -0.710117, -10.9443, 0.609272, 0.273915, -0.037311
0.890186, -0.726241, -11.3503, 0.566145, 0.35503, -0.074744
0.872744, -0.648231, -11.1073, 0.249953, 0.444984, -0.031938
0.852489, -0.637608, -10.6806, 0.236269, 0.62638, -0.021159
0.893681, -0.718674, -11.243, 0.650631, 0.795999, -0.030836
0.93335, -0.751815, -11.7754, 0.852245, 0.921332, -0.007017
0.859692, -0.757665, -11.6781, 0.847745, 0.908871, 0.009179
0.87812, -0.781874, -12.0046, 0.912522, 0.839912, -0.020687
0.872558, -0.714722, -12.3266, 0.600815, 0.835117, -0.039366
0.82191, -0.682586, -11.893, 0.341739, 0.780398, -0.056739
0.783349, -0.720133, -11.5849, 0.346149, 0.699133, -0.074274
0.777844, -0.731249, -11.4451, 0.39617, 0.68785, -0.130797
0.773964, -0.770427, -11.4151, 0.771663, 0.790542, -0.11568
0.737382, -0.813853, -11.6501, 1.06764, 0.650451, -0.076998
0.746748, -0.76693, -11.9204, 1.07102, 0.535875, -0.011541
0.75751, -0.716858, -12.4441, 0.995342, 0.529135, 0.084208
0.77325, -0.677523, -12.5304, 0.901156, 0.445895, 0.031046
0.833901, -0.657598, -12.7557, 0.749845, 0.350647, -0.018698
0.907378, -0.592618, -12.7072, 0.471657, 0.410475, -0.025188
0.949332, -0.562017, -12.6856, 0.33841, 0.497221, -0.013535
0.956764, -0.607893, -12.1953, 0.415508, 0.495435, 0.014339
0.991162, -0.624888, -12.269, 0.504506, 0.552344, 0.039685
1.01993, -0.583907, -12.4298, 0.417992, 0.822957, 0.176902
0.969276, -0.631934, -12.0466, 0.548691, 0.945947, 0.093651
0.986765, -0.659198, -12.1971, 0.743008, 0.977456, -0.00161
0.999134, -0.630335, -12.4037, 0.765367, 1.04848, 0.037577
0.931606, -0.594257, -12.2213, 0.714602, 0.995604, 0.093252
0.945311, -0.580702, -12.5363, 0.777164, 0.93154, 0.043484
0.929359, -0.537648, -12.8762, 0.703995, 0.957533, 0.076788
0.909958, -0.49909, -12.9401, 0.526219, 0.953122, 0.133176
0.860721, -0.479549, -12.5131, 0.485427, 0.874244, 0.055182
0.847364, -0.460481, -12.5002, 0.575067, 0.720495, -0.020653
0.901893, -0.428157, -13.2413, 0.541438, 0.756639, -0.006779
0.873392, -0.383918, -12.9897, 0.408615, 0.796166, 0.019036
0.830967, -0.391511, -12.7498, 0.372584, 0.679561, 0.107228
0.876595, -0.358505, -12.9527, 0.248842, 0.608057, 0.067653
0.866148, -0.341372, -12.956, 0.079094, 0.87865, 0.062016
0.827517, -0.367083, -12.4017, 0.087493, 0.917616, -0.007602
0.800354, -0.381206, -12.4828, 0.134151, 0.901386, -0.043717
0.781298, -0.369285, -12.7948, 0.098821, 0.873085, 0.045729
0.716847, -0.396617, -12.6575, 0.12712, 0.71311, 0.120728
0.641269, -0.440738, -12.5428, 0.152086, 0.590615, 0.00296
0.6459, -0.474894, -12.7069, 0.171638, 0.535334, -0.052402
0.629445, -0.477233, -12.7594, 0.120459, 0.41998, -0.064243
0.598693, -0.495067, -12.1646, 0.18952, 0.208409, -0.058566
0.644479, -0.516877, -12.3823, 0.428758, 0.059488, -0.029223
0.729053, -0.504727, -12.7401, 0.488269, 0.188231, 0.003596
0.782524, -0.462433, -12.6688, 0.477398, 0.325337, 0.150668
0.878083, -0.435192, -12.7014, 0.397831, 0.485514, 0.17794
0.970003, -0.396549, -12.8361, 0.325818, 0.567434, 0.13403
1.06089, -0.342859, -12.9456, 0.217551, 0.61626, 0.060148
1.14499, -0.318871, -12.9521, 0.051887, 0.664666, -1e-06
1.20276, -0.303673, -12.6293, -0.077409, 0.714395, -0.023563
1.24794, -0.321623, -12.6581, -0.151811, 0.830438, -0.028407
1.28551, -0.34598, -12.4492, -0.25141, 0.98286, -0.020187
1.2111, -0.381245, -11.779, -0.197838, 1.08986, -0.047822
1.23044, -0.443756, -11.6315, 0.030651, 1.26168, -0.058823
1.22291, -0.453813, -11.4915, 0.163922, 1.32771, -0.031821
1.16085, -0.459628, -11.6208, 0.32124, 1.3099, -0.002221
1.2031, -0.443618, -12.2091, 0.31485, 1.3579, -0.006497
1.16186, -0.411764, -12.2333, 0.123197, 1.32572, 0.01901
1.11497, -0.402544, -11.941, 0.006032, 1.21684, -0.043056
1.13298, -0.400444, -11.9476, -0.039573, 1.12917, -0.06063
1.11016, -0.405427, -11.8589, 0.004848, 1.12908, -0.069073
1.13544, -0.466257, -11.7802, 0.323088, 1.20236, -0.029504
1.12472, -0.468378, -11.8297, 0.446128, 1.22893, -0.013018
1.09839, -0.464403, -11.8354, 0.522307, 1.21776, -0.012136
1.1175, -0.423044, -12.1963, 0.556879, 1.22431, -0.028561
1.1241, -0.385102, -12.7349, 0.450264, 1.31875, -0.042182
1.09703, -0.331082, -12.9752, 0.170006, 1.42158, -0.014765
0.950163, -0.281535, -12.2279, -0.053742, 1.20227, 0.00956
0.851841, -0.356408, -12.2624, 0.073843, 1.08884, -0.053386
0.823961, -0.387297, -12.7068, 0.063446, 0.977425, -0.13445
0.624607, -0.408393, -12.0706, 0.09125, 0.696669, -0.186193
0.511566, -0.510111, -11.6428, 0.35383, 0.456023, -0.233775
0.51349, -0.549172, -12.358, 0.466357, 0.401011, -0.198318
0.40314, -0.528173, -12.5003, 0.381781, 0.316407, -0.089645
0.350451, -0.533263, -12.1745, 0.358879, 0.163167, -0.034579
0.333312, -0.570508, -12.4743, 0.294946, 0.011619, -0.034496
0.324003, -0.576157, -12.6317, 0.202828, -0.041743, -0.044761
0.323652, -0.621928, -12.2149, 0.238837, -0.039251, -0.056924
0.262211, -0.670618, -11.4281, 0.34275, -0.090401, -0.106825
0.292665, -0.769342, -11.7314, 0.634688, -0.114373, -0.140671
0.29819, -0.761571, -11.7829, 1.05058, -0.125089, -0.085792
0.257492, -0.716079, -11.8978, 1.06911, -0.290413, -0.016127
0.346417, -0.626033, -12.583, 0.920291, -0.217613, 0.098526
0.375203, -0.525143, -12.9156, 0.678731, -0.145147, 0.145194
0.413524, -0.427271, -12.7303, 0.443061, -0.171909, 0.121558
0.494695, -0.38501, -12.994, 0.242202, -0.143198, 0.006802
0.518664, -0.378604, -12.561, 0.06441, 0.011828, -0.028837
0.538852, -0.412899, -11.8609, 0.050833, 0.073108, -0.050565
0.582866, -0.487527, -11.8929, 0.329226, 0.051681, -0.093901
0.598692, -0.503215, -11.7232, 0.548375, 0.107738, -0.016881
0.618809, -0.47852, -12.0166, 0.63024, 0.28766, 0.011141
0.639579, -0.443461, -12.5294, 0.476157, 0.404345, 0.162533
0.591505, -0.397297, -12.6425, 0.325791, 0.416332, 0.088862
0.563353, -0.353976, -12.56, 0.109542, 0.47005, -0.039384
0.530871, -0.381204, -12.6825, 0.071997, 0.412371, -0.117812
0.48498, -0.412197, -12.4371, 0.164442, 0.320302, -0.161598
0.449199, -0.448401, -12.3551, 0.308602, 0.193079, -0.224435
0.466358, -0.462331, -12.5357, 0.433872, 0.191855, -0.137089
0.456559, -0.475149, -12.4678, 0.545154, 0.255692, -0.088861
0.404925, -0.450422, -12.5259, 0.567882, 0.124778, -0.091764
0.421943, -0.411191, -12.9313, 0.486828, 0.098605, -0.105914
0.368058, -0.352739, -13.3012, 0.145289, 0.220448, -0.099567
0.284777, -0.332956, -12.8768, 0.03254, 0.073818, -0.114759
0.230101, -0.399651, -12.6434, 0.185758, -0.081395, -0.262651
0.207558, -0.44123, -12.7392, 0.328866, -0.191061, -0.266275
0.156422, -0.43424, -12.9689, 0.397984, -0.193867, -0.118565
0.117906, -0.43581, -13.3094, 0.521471, -0.415104, -0.084536
0.137461, -0.400854, -13.4978, 0.436297, -0.58478, -0.04057
0.135288, -0.359055, -13.3953, 0.19789, -0.597464, -0.002021
0.151546, -0.347353, -13.1856, -0.007309, -0.472772, -0.027986
0.157996, -0.37185, -13.0739, -0.03509, -0.356099, -0.062519
0.14468, -0.423077, -12.9262, 0.030282, -0.316326, -0.136015
0.136133, -0.44535, -12.453, 0.110133, -0.300571, -0.14981
0.105047, -0.494987, -12.4198, 0.355418, -0.309474, -0.1609
0.097876, -0.518216, -12.8135, 0.64612, -0.371007, -0.094932
0.071632, -0.499583, -13.1148, 0.678335, -0.443668, -0.074012
0.017922, -0.465803, -13.4592, 0.624784, -0.546692, -0.080711
0.02369, -0.423154, -13.9254, 0.538758, -0.594775, -0.110311
0.001097, -0.384176, -13.7116, 0.277228, -0.411421, -0.116665
-0.075532, -0.358588, -13.2711, 0.105313, -0.481181, -0.118172
-0.132235, -0.409271, -13.0924, 0.154103, -0.610341, -0.171748
-0.212971, -0.432854, -12.7225, 0.125561, -0.772284, -0.21588
-0.290524, -0.437279, -12.6885, 0.160467, -0.947117, -0.252506
-0.314719, -0.469894, -13.005, 0.225057, -1.09141, -0.213094
-0.341881, -0.450333, -13.0897, 0.13672, -1.25069, -0.132846
-0.335262, -0.482232, -13.253, 0.251197, -1.42417, -0.09096
-0.267956, -0.505996, -13.432, 0.314878, -1.35708, -0.086962
-0.232034, -0.53059, -13.2058, 0.270155, -1.23567, -0.125047
-0.153714, -0.5467, -12.6659, 0.272089, -1.11756, -0.182539
-0.100616, -0.612242, -12.9069, 0.455703, -1.01436, -0.268764
-0.030507, -0.62402, -13.0455, 0.435942, -0.926752, -0.15609
-0.019175, -0.625936, -12.4325, 0.310045, -0.787703, -0.0828
-0.019017, -0.658215, -12.1872, 0.363656, -0.775444, -0.112679
0.037841, -0.687612, -12.4252, 0.463683, -0.72524, -0.224106
0.020323, -0.697956, -12.1231, 0.510287, -0.676693, -0.314285
0.043625, -0.71585, -11.963, 0.610978, -0.707078, -0.373245
0.122654, -0.737955, -12.3853, 0.667693, -0.642556, -0.351483
0.161935, -0.743458, -12.3167, 0.572286, -0.582597, -0.236898
0.19805, -0.729682, -11.5885, 0.455484, -0.531872, -0.14658
0.220318, -0.762207, -11.5272, 0.555833, -0.551348, -0.214086
0.281646, -0.779986, -11.6521, 0.608997, -0.466176, -0.215827
0.309226, -0.774633, -11.4713, 0.507958, -0.439967, -0.125398
0.320936, -0.784833, -11.2133, 0.439027, -0.410224, -0.099882
0.371797, -0.809918, -11.2162, 0.441111, -0.353581, -0.131603
0.391642, -0.833026, -11.2229, 0.449872, -0.295216, -0.158538
0.403855, -0.844497, -11.0729, 0.494556, -0.270311, -0.209219
0.43795, -0.875019, -11.2909, 0.526378, -0.145919, -0.228726
0.451079, -0.879133, -11.3521, 0.485276, 0.149973, -0.149982
0.406406, -0.906255, -10.8938, 0.70169, 0.257029, -0.134904
0.38572, -0.949069, -11.0788, 0.896727, 0.240578, -0.167893
0.339441, -0.945974, -11.5198, 0.878407, 0.222555, -0.174452
0.244046, -0.942277, -11.2985, 0.812973, 0.117966, -0.191503
0.184963, -0.978202, -11.3926, 0.904984, -0.056001, -0.293625
0.143261, -1.03984, -12.0587, 1.04934, -0.221414, -0.333022
0.135733, -1.01379, -12.0074, 0.867892, -0.096252, -0.163801
0.043436, -0.961812, -11.5598, 0.661238, -0.17905, -0.111846
0.007209, -0.987598, -11.8088, 0.775531, -0.268329, -0.120227
0.011509, -1.01838, -11.8647, 0.99168, -0.273216, -0.223901
-0.048131, -1.0511, -12.0246, 1.10366, -0.385874, -0.21446
-0.068203, -1.10028, -12.6431, 1.31307, -0.536036, -0.115453
-0.082182, -1.07251, -12.562, 1.26751, -0.622908, -0.087609
-0.091629, -1.02371, -12.1874, 1.01954, -0.650102, -0.03555
-0.080246, -1.07496, -12.4608, 1.11975, -0.729681, -0.048881
-0.086077, -1.08193, -12.5714, 1.14593, -0.914151, -0.063061
-0.076905, -1.05728, -12.3916, 0.901207, -0.928406, -0.08038
-0.041024, -1.03334, -12.0965, 0.841088, -0.841935, -0.089803
-0.055863, -1.04509, -12.3447, 1.06677, -0.942037, -0.076622
-0.026545, -1.05877, -12.8445, 1.23918, -0.908673, -0.037462
-0.040429, -1.04944, -12.848, 1.3269, -0.733786, -0.015163
-0.027997, -1.06237, -12.5117, 1.44007, -0.665562, -0.024682
-0.01952, -1.05443, -12.9125, 1.49543, -0.705192, -0.04316
-0.029482, -1.06378, -13.3515, 1.45387, -0.615186, -0.034719
-0.057805, -0.998681, -13.1375, 1.05398, -0.429783, -0.013669
-0.063477, -0.982308, -12.3498, 0.926131, -0.435954, -0.051217
-0.075992, -0.983189, -12.3605, 0.864222, -0.470611, -0.072272
-0.091626, -0.953783, -12.6323, 0.704362, -0.469784, -0.047831
-0.160121, -0.957986, -12.3098, 0.707757, -0.495675, -0.04153
-0.170112, -0.993405, -12.1538, 0.957008, -0.564814, -0.052531
-0.184708, -1.05612, -12.8388, 1.27168, -0.72609, -0.061238
-0.213168, -1.04615, -13.1853, 1.20587, -0.692995, -0.061414
-0.223346, -0.982557, -12.7678, 0.836948, -0.607332, -0.041079
-0.28038, -1.00531, -12.9531, 0.809245, -0.701541, -0.056096
-0.25325, -1.02541, -13.175, 0.752231, -0.741242, -0.067737
-0.264115, -0.98744, -12.5372, 0.600413, -0.724691, -0.055699
-0.29493, -1.00345, -12.414, 0.625978, -0.85774, -0.058536
-0.270084, -1.08951, -12.8325, 1.1573, -1.22899, -0.084146
-0.244881, -1.10502, -12.6214, 1.30055, -1.24487, -0.03455
-0.183895, -1.05409, -12.4864, 1.15827, -1.22668, 0.012072
-0.14788, -1.04093, -12.8912, 1.0802, -1.17282, 0.111109
-0.104321, -1.01534, -12.7254, 0.94703, -1.07593, 0.095453
-0.058438, -1.01938, -12.4305, 0.822491, -1.02237, -0.006881
-0.022212, -1.07162, -12.9438, 0.923272, -0.979119, -0.021419
0.030729, -1.05149, -12.6008, 0.716654, -0.7311, -0.012135
-0.004819, -1.01947, -11.9636, 0.769258, -0.505187, -0.04602
0.020377, -1.13494, -12.1587, 1.48868, -0.640479, -0.094858
0.031092, -1.10975, -12.7175, 1.61608, -0.746439, -0.078601
0.027322, -1.04999, -12.6062, 1.51937, -0.709069, -0.024775
0.039829, -0.963316, -12.3429, 1.38734, -0.645894, 0.082482
0.005159, -0.99018, -12.8135, 1.43421, -0.638155, 0.002159
0.035023, -0.959484, -13.1554, 1.29852, -0.452102, -0.022775
-0.026075, -0.901036, -12.4186, 1.01201, -0.383743, -0.057941
-0.113344, -0.89166, -12.3216, 1.12058, -0.500871, -0.076851
-0.142619, -0.905592, -13.1419, 1.15668, -0.59229, -0.134192
-0.269504, -0.838325, -12.7243, 0.937995, -0.68635, -0.072759
-0.35432, -0.828359, -12.4741, 1.00577, -0.866328, -0.079069
-0.378499, -0.848059, -13.4246, 1.10499, -1.04731, -0.125962
-0.458148, -0.831479, -13.5913, 0.799502, -1.03695, -0.067368
-0.460863, -0.758125, -12.8991, 0.410148, -1.15599, -0.016796
-0.445643, -0.802802, -12.7502, 0.408785, -1.27226, -0.032885
-0.410018, -0.853487, -12.7045, 0.490609, -1.37379, -0.081681
-0.355593, -0.888017, -12.5223, 0.60293, -1.36472, -0.056894
-0.304486, -0.924657, -12.1087, 0.941573, -1.43879, 0.006442
-0.206935, -0.955747, -12.5589, 1.22703, -1.32751, 0.090993
-0.139806, -0.912459, -12.9938, 1.19687, -1.11165, 0.211428
-0.094973, -0.912027, -13.0982, 1.17919, -1.04957, 0.152965
-0.026435, -0.866817, -13.3063, 0.987145, -1.03244, -0.002498
-0.002498, -0.842665, -13.0573, 0.682535, -0.748803, -0.037528
-0.005064, -0.840582, -12.5298, 0.664324, -0.457952, -0.098175
-0.051908, -0.88351, -12.8303, 0.777562, -0.453016, -0.153992
-0.139495, -0.910388, -12.7936, 0.866352, -0.485397, -0.164279
-0.238881, -0.911305, -12.2491, 0.900338, -0.571915, -0.149396
-0.295568, -0.907658, -12.1185, 0.929445, -0.710353, -0.180959
-0.355683, -0.879077, -12.0533, 0.906414, -0.836921, -0.241556
-0.427345, -0.870255, -12.2049, 0.942475, -1.05843, -0.294096
-0.461234, -0.862296, -12.585, 0.921535, -1.1383, -0.281147
-0.504263, -0.791443, -12.7822, 0.6112, -1.0904, -0.131799
-0.521663, -0.803048, -12.7594, 0.498624, -1.11197, -0.092786
-0.554785, -0.846438, -12.947, 0.519705, -1.21434, -0.047253
-0.532613, -0.855961, -12.6631, 0.420917, -1.23065, -0.031948
-0.543963, -0.86621, -12.5214, 0.39597, -1.24831, -0.081861
-0.546836, -0.922326, -12.7992, 0.460012, -1.29054, -0.106591
-0.528798, -0.932903, -12.5624, 0.456982, -1.27826, -0.135841
-0.531191, -0.964083, -12.3995, 0.728506, -1.48159, -0.120576
-0.538309, -1.0472, -13.0807, 1.17289, -1.6314, -0.081712
-0.528698, -0.986122, -13.0415, 0.99608, -1.55644, 0.004869
-0.493511, -0.920319, -12.3671, 0.753525, -1.29564, 0.248071
-0.512724, -0.948756, -12.691, 0.677755, -1.35823, 0.08768
-0.510929, -0.989942, -12.7714, 0.755886, -1.49558, -0.019982
-0.496578, -1.03736, -12.6222, 1.01207, -1.62344, -0.067691
-0.431027, -1.03043, -12.6893, 1.14124, -1.61001, -0.023591
-0.44515, -1.03694, -12.9318, 1.16799, -1.59988, 0.018498
-0.417719, -0.972742, -12.8736, 0.980862, -1.43747, 0.238564
-0.403883, -0.994272, -12.9001, 1.00647, -1.41966, 0.132755
-0.396072, -1.01989, -13.0925, 0.942805, -1.48708, 0.000279
-0.36058, -0.992886, -13.109, 0.686756, -1.18742, -0.031585
-0.3735, -1.00258, -12.5343, 0.754866, -1.00484, -0.077107
-0.372466, -1.06728, -12.4986, 1.2206, -1.1685, -0.112248
-0.354707, -1.07231, -12.9509, 1.45008, -1.35546, -0.131851
-0.387057, -1.03722, -13.1174, 1.41303, -1.2739, -0.092275
-0.399296, -0.94415, -13.0103, 1.28005, -1.21109, -0.034451
-0.435503, -0.95862, -13.4964, 1.29869, -1.28826, 0.084071
-0.445846, -0.936326, -13.669, 1.05305, -1.13508, 0.072837
-0.469262, -0.934074, -13.0608, 0.856908, -0.987446, -0.050706
-0.484648, -0.956697, -12.6976, 0.886185, -0.959681, -0.109123
-0.503464, -0.953493, -12.8728, 0.98867, -1.0339, -0.221749
-0.590346, -0.950196, -12.9859, 1.06192, -1.11778, -0.17822
-0.632987, -0.934034, -12.922, 1.19495, -1.3011, -0.150612
-0.663737, -0.915083, -13.3058, 1.27062, -1.55407, -0.150095
-0.704748, -0.882215, -13.5691, 1.23704, -1.60188, -0.129263
-0.70108, -0.859101, -13.4706, 1.20242, -1.61035, -0.123468
-0.725817, -0.845792, -13.7422, 1.20664, -1.84574, -0.134112
-0.71363, -0.818036, -13.8711, 1.11848, -1.9015, -0.119525
-0.704354, -0.780194, -13.6841, 1.03839, -1.80184, -0.100513
-0.687713, -0.753682, -13.4455, 0.970991, -1.75046, -0.038221
-0.698063, -0.733868, -13.5142, 0.944035, -1.83514, -0.045239
-0.701649, -0.750656, -13.7011, 1.02727, -1.88687, -0.054307
-0.691837, -0.757106, -13.5763, 1.02857, -1.92654, -0.057329
-0.689382, -0.749521, -13.6426, 0.896691, -2.0735, -0.037885
-0.660787, -0.704663, -13.808, 0.729154, -2.05047, -0.009395
-0.627326, -0.728977, -13.8198, 0.727705, -1.99063, 0.003078
-0.570324, -0.748506, -13.7635, 0.805627, -1.99553, -0.007765
-0.469365, -0.740781, -13.7199, 0.799011, -1.8564, -0.011407
-0.37155, -0.736404, -13.5451, 0.875963, -1.68377, -0.014212
-0.264157, -0.768345, -13.567, 1.01944, -1.49868, -0.007316
-0.155453, -0.740892, -13.6741, 0.98061, -1.31536, 0.016804
-0.085322, -0.669428, -13.6107, 0.774907, -1.05133, 0.214446
-0.030595, -0.653084, -13.3648, 0.72634, -0.953617, 0.167978
0.027287, -0.655863, -13.2584, 0.718233, -1.0034, -0.012441
0.176149, -0.678898, -13.1076, 0.766235, -0.804278, -0.08401
0.265957, -0.660353, -12.6012, 0.75931, -0.638537, -0.097206
