Fx [N], Fy [N], Fz [N], Mx [Nm], My [Nm], Mz [Nm]
0.625556, 0.056913, -7.41367, -0.328142, 0.356393, 0.04265
0.618637, 0.084966, -7.52629, -0.362693, 0.334667, 0.056398
0.623715, 0.110886, -7.80459, -0.415057, 0.34927, 0.051211
0.63175, 0.116123, -8.01668, -0.470471, 0.406076, 0.03612
0.63112, 0.119064, -8.15483, -0.489976, 0.405953, -0.013123
0.620875, 0.127409, -8.54078, -0.452141, 0.325139, -0.084008
0.619905, 0.145956, -8.98194, -0.430306, 0.312424, -0.096166
0.648592, 0.184418, -9.28375, -0.431657, 0.347017, -0.07497
0.670836, 0.250018, -9.83216, -0.482044, 0.310686, -0.003274
0.64904, 0.330807, -10.5072, -0.587962, 0.193343, 0.078594
0.596442, 0.380234, -10.9291, -0.682229, 0.070183, 0.125245
0.588609, 0.410419, -11.4428, -0.750987, 0.047763, 0.039608
0.656475, 0.440171, -11.8669, -0.907014, 0.300387, -0.047332
0.714139, 0.438468, -11.5474, -1.00075, 0.557381, -0.114906
0.711707, 0.432313, -11.5887, -0.978481, 0.547221, -0.080536
0.726303, 0.461617, -12.3151, -0.881583, 0.424785, 0.004028
0.749268, 0.506702, -12.7315, -0.964486, 0.393142, 0.125071
0.755109, 0.505019, -12.6829, -1.08475, 0.200546, 0.144356
0.69836, 0.470461, -13.095, -1.15322, -0.040559, 0.064139
0.676868, 0.429597, -13.6442, -1.18709, -0.061756, -0.009747
0.768643, 0.335808, -13.3815, -1.21193, 0.279652, -0.030134
0.841326, 0.217895, -12.866, -1.05259, 0.519735, -0.050555
0.88922, 0.166077, -12.8019, -0.902622, 0.712365, -0.075339
0.975315, 0.178989, -12.9727, -0.658926, 1.0521, -0.066219
0.979965, 0.229447, -13.1942, -0.548015, 1.06564, 0.013455
0.962357, 0.356343, -13.8371, -0.606593, 0.935291, 0.089071
0.907943, 0.521239, -14.7077, -0.822356, 0.76663, 0.187315
0.83524, 0.643426, -15.272, -1.02542, 0.57165, 0.279856
0.813636, 0.785252, -16.1516, -1.19174, 0.486594, 0.244723
0.85074, 0.851661, -16.185, -1.47249, 0.7277, 0.186802
0.883466, 0.830491, -15.7057, -1.71875, 0.997554, 0.082217
0.934421, 0.778738, -15.5946, -1.8599, 1.07403, 0.036254
0.906488, 0.645019, -15.2489, -1.77848, 0.982561, 0.050155
0.856225, 0.460891, -14.6197, -1.5231, 0.837986, 0.004853
0.873917, 0.325201, -14.5413, -1.25489, 0.659198, -0.078425
0.81487, 0.26064, -14.6801, -1.01644, 0.43372, -0.147269
0.796402, 0.243435, -14.9422, -0.813945, 0.289586, -0.126977
0.80944, 0.256434, -15.4296, -0.754037, 0.294403, -0.054096
0.835259, 0.264705, -15.7146, -0.71443, 0.481491, 0.165541
0.913876, 0.343136, -15.8326, -0.846532, 0.748965, 0.259895
0.965617, 0.37091, -16.1782, -1.02578, 0.914051, 0.170293
1.00188, 0.339952, -16.0137, -1.22049, 1.0228, 0.01134
0.95583, 0.270913, -15.7645, -1.13049, 0.830609, -0.052124
0.933864, 0.248072, -16.0189, -1.00179, 0.61057, -0.125424
0.91475, 0.189786, -16.1613, -0.839472, 0.444882, -0.06943
0.851154, 0.159673, -15.7833, -0.576062, 0.299749, 0.017754
0.9188, 0.209502, -16.0024, -0.446965, 0.521231, 0.045303
0.99534, 0.330018, -16.1417, -0.549593, 0.801595, 0.095731
1.00246, 0.42863, -15.9926, -0.707937, 0.941521, 0.153082
1.01655, 0.547673, -16.3622, -0.942551, 0.966811, 0.254403
0.992655, 0.62967, -16.8001, -1.13208, 0.960593, 0.253669
0.969631, 0.672851, -16.6961, -1.21793, 0.9945, 0.158515
0.925621, 0.704848, -16.9003, -1.32517, 0.950293, 0.049814
0.894807, 0.726502, -17.4065, -1.66518, 0.953877, -0.016188
0.931616, 0.657312, -17.0012, -1.75643, 0.989429, -0.067407
0.914783, 0.51828, -16.4383, -1.64551, 0.883252, -0.069933
0.945832, 0.348799, -16.1873, -1.389, 0.795369, -0.086338
0.948691, 0.156341, -15.6605, -1.1075, 0.815855, -0.107735
0.984148, -0.009224, -15.1118, -0.809643, 0.80907, -0.134369
1.00189, -0.149522, -15.3196, -0.548632, 0.706326, -0.143407
0.960702, -0.259972, -15.2074, -0.368931, 0.593145, -0.140378
1.03138, -0.331604, -15.1121, -0.270478, 0.79901, -0.120912
1.15821, -0.371428, -15.1667, -0.202319, 1.13998, -0.022196
1.17717, -0.415635, -15.1083, -0.052275, 1.19367, 0.038274
1.19511, -0.422976, -15.2955, 0.128777, 1.17998, 0.093921
1.22904, -0.43114, -15.3813, 0.316002, 1.28028, 0.107266
1.20394, -0.38898, -15.4906, 0.462807, 1.11387, 0.050999
1.14707, -0.3051, -15.694, 0.422318, 0.953084, 0.054332
1.14971, -0.20256, -15.931, 0.265233, 1.0426, 0.12709
1.1983, -0.07978, -16.0407, 0.047826, 1.23746, 0.164545
1.2258, 0.064429, -16.4764, -0.273745, 1.34157, 0.217927
1.23674, 0.089565, -17.5577, -0.603211, 1.30427, 0.266671
1.2078, -0.055558, -16.9847, -0.62557, 1.17108, 0.109106
1.15255, -0.254031, -15.8736, -0.442619, 0.992829, -0.069891
1.2177, -0.431272, -15.3558, -0.225003, 0.96706, -0.200594
1.22998, -0.611136, -14.8072, 0.078061, 0.883577, -0.326612
1.15757, -0.678645, -14.3162, 0.358181, 0.617957, -0.251077
1.18459, -0.677446, -14.8728, 0.7991, 0.683861, -0.096158
1.19017, -0.551362, -15.1162, 0.825276, 0.883062, 0.031442
1.16721, -0.38857, -15.4739, 0.647609, 0.991762, 0.119078
1.2429, -0.188023, -15.9827, 0.330788, 1.25959, 0.091191
1.25522, 0.002739, -16.0484, 0.012334, 1.43909, 0.052628
1.2492, 0.162396, -16.5259, -0.275615, 1.38137, 0.10873
1.19459, 0.233602, -17.4454, -0.532028, 1.311, 0.170882
1.17442, 0.210781, -17.104, -0.846369, 1.28101, 0.174826
1.14734, 0.12209, -16.1981, -0.891342, 1.15316, -0.016426
1.13883, 0.037123, -16.0203, -0.739565, 0.982035, -0.131011
1.16385, -0.027815, -15.6585, -0.645098, 1.02857, -0.172814
1.14614, -0.063593, -15.5235, -0.423255, 0.926513, -0.136341
1.14689, -0.071761, -15.9912, -0.027216, 0.84666, -0.061158
1.13045, 0.01099, -16.6362, -0.056351, 0.964791, 0.103886
1.11687, 0.10795, -16.8357, -0.162881, 0.997415, 0.132137
1.13265, 0.191872, -16.8784, -0.292591, 1.05329, 0.068239
1.146, 0.252493, -17.4243, -0.496297, 1.10039, 0.02143
1.12517, 0.248202, -17.3273, -0.923719, 0.970604, 0.003612
1.06802, 0.167088, -16.9897, -0.932691, 0.942912, -0.042919
1.19291, 0.100963, -16.8791, -0.906819, 1.27247, -0.113934
1.27917, 0.021256, -16.5474, -0.814708, 1.48379, -0.139076
1.21789, -0.080317, -15.7787, -0.631145, 1.23427, -0.140013
1.1927, -0.138159, -15.9841, -0.306001, 0.986185, -0.138003
1.19328, -0.114797, -16.1916, 0.025661, 1.01277, -0.10568
1.14224, -0.003641, -16.5974, 0.011594, 0.915645, -0.057902
1.11429, 0.127319, -17.4005, -0.104381, 0.857248, 0.07023
1.15577, 0.3195, -17.7875, -0.338948, 1.04747, 0.14241
1.16798, 0.539128, -18.0379, -0.586824, 0.996972, 0.102847
1.07605, 0.726638, -18.8312, -0.81564, 0.717212, 0.054732
1.09903, 0.896133, -19.366, -1.08146, 0.879963, 0.091263
1.1536, 1.02827, -18.9382, -1.27523, 1.03605, 0.120426
1.10728, 1.14461, -18.8662, -1.38032, 0.694658, 0.109565
0.981199, 1.19896, -18.9956, -1.45315, 0.35831, 0.151794
0.953647, 1.22692, -18.6068, -1.45835, 0.461306, 0.174353
1.04182, 1.29751, -18.6651, -1.48491, 0.513102, 0.122793
1.02013, 1.33597, -18.249, -1.52458, 0.305934, 0.09429
0.934218, 1.34505, -18.0613, -1.58569, 0.05335, 0.094842
0.991716, 1.38925, -18.3277, -1.7617, 0.069819, 0.111479
1.01062, 1.37385, -18.0167, -2.06914, 0.234316, 0.128721
1.04043, 1.31578, -17.7204, -2.24419, 0.364603, 0.088483
1.07471, 1.19671, -17.662, -2.23168, 0.463434, 0.074285
1.06747, 1.05527, -17.2599, -2.11104, 0.513143, 0.005609
1.13826, 0.912451, -17.0211, -1.95072, 0.562072, -0.063493
1.18199, 0.824616, -16.8375, -1.85693, 0.626624, -0.155651
1.21244, 0.727037, -16.4844, -1.67765, 0.618962, -0.165052
1.22804, 0.686957, -16.3251, -1.34461, 0.437538, -0.140719
1.16805, 0.689188, -16.5958, -1.07159, 0.30754, -0.069868
1.24635, 0.741171, -17.2069, -1.15555, 0.586201, 0.020747
1.33988, 0.758931, -17.0804, -1.25948, 1.17437, -0.004214
1.3281, 0.782404, -16.765, -1.24251, 1.20325, -0.029379
1.37997, 0.817069, -16.8555, -1.5369, 1.35589, 0.042287
1.36462, 0.777501, -16.5136, -1.78164, 1.28457, 0.053353
1.30969, 0.65589, -16.2145, -1.66637, 0.982064, -0.053424
1.27089, 0.589544, -16.4331, -1.51905, 0.775177, -0.15862
1.33165, 0.572595, -16.622, -1.58224, 1.05994, -0.193326
1.36702, 0.522996, -16.1219, -1.48714, 1.21986, -0.167429
1.2226, 0.450882, -16.0575, -1.0472, 0.868261, -0.125783
1.2214, 0.506016, -16.6551, -0.694031, 0.872537, -0.069486
1.22721, 0.683485, -16.9344, -0.812807, 1.00183, 0.012863
1.17855, 0.874166, -17.4753, -1.01774, 0.968087, 0.187625
1.19441, 1.02899, -18.1544, -1.38214, 1.06761, 0.426146
1.16372, 1.10021, -17.9144, -1.72406, 1.18524, 0.428374
1.20028, 1.08873, -17.5323, -1.82422, 1.25597, 0.265222
1.1349, 1.07371, -17.5467, -1.82052, 0.966546, 0.050788
1.0222, 1.04284, -17.4409, -1.86385, 0.433727, -0.035164
1.00561, 1.0039, -17.8274, -1.77531, 0.299566, -0.067287
0.996681, 0.973051, -17.8394, -1.65025, 0.229772, -0.097686
1.07652, 1.00483, -18.0123, -1.89668, 0.564414, -0.092209
1.19473, 0.970782, -17.6286, -2.0489, 1.04587, 0.021126
1.16327, 0.870404, -17.2133, -1.93952, 1.02432, 0.090192
1.15495, 0.817243, -17.4003, -1.86928, 0.825943, 0.062725
1.1343, 0.714666, -17.5713, -1.79952, 0.690195, -0.057076
1.08005, 0.572966, -17.2674, -1.59295, 0.535396, -0.141369
1.10029, 0.448255, -17.4166, -1.4526, 0.549071, -0.189393
1.21063, 0.429514, -17.5344, -1.42418, 1.00828, -0.199146
1.30618, 0.383745, -16.9713, -1.33595, 1.33488, -0.127109
1.2521, 0.34328, -16.7422, -1.19288, 1.1287, -0.111052
1.18932, 0.3212, -16.9232, -0.924739, 0.790778, -0.091534
1.17759, 0.335597, -16.9887, -0.612729, 0.83963, -0.099366
1.18087, 0.390818, -17.2937, -0.694383, 0.934677, -0.110801
1.22566, 0.438603, -17.4871, -0.828799, 1.18175, -0.062691
1.21636, 0.467233, -17.0754, -1.07231, 1.43141, 0.040228
1.22941, 0.471893, -17.0805, -1.31344, 1.41204, 0.030624
1.25255, 0.436385, -17.1599, -1.45092, 1.34208, -0.075293
1.17536, 0.355024, -16.8324, -1.33821, 1.06986, -0.168145
1.16689, 0.275403, -17.2233, -1.16212, 0.805318, -0.241635
1.19047, 0.214175, -17.4831, -1.04412, 0.841192, -0.272833
1.1805, 0.190797, -17.0797, -0.996767, 0.905728, -0.162578
1.23865, 0.199161, -17.1795, -0.894002, 1.0862, -0.120415
1.28354, 0.189836, -17.3773, -0.806265, 1.3152, -0.052399
1.26622, 0.197568, -17.2173, -0.595325, 1.35618, -0.041412
1.22601, 0.214159, -17.552, -0.447064, 1.14159, -0.103404
1.25155, 0.267911, -18.1029, -0.553613, 1.26204, -0.117531
1.2754, 0.328064, -17.6946, -0.716693, 1.57494, -0.075907
1.24274, 0.416565, -17.5572, -0.807619, 1.58031, -0.026417
1.26449, 0.505165, -17.8007, -0.816506, 1.50831, 0.080386
1.14476, 0.634718, -17.543, -0.895956, 1.28076, 0.086419
1.11783, 0.80593, -17.7462, -1.0924, 1.09501, 0.140284
1.10703, 0.952789, -18.4651, -1.30676, 0.95086, 0.181689
1.01819, 0.989806, -18.1987, -1.40433, 0.832557, 0.214959
1.05395, 1.01751, -18.135, -1.63495, 0.940507, 0.1516
1.09871, 1.00897, -17.7552, -2.07749, 1.11551, 0.0384
1.07401, 0.916335, -16.9827, -2.02828, 1.03771, -0.021287
1.15058, 0.860537, -17.0209, -1.99636, 1.03049, -0.112513
1.13499, 0.780108, -16.9802, -1.86976, 0.887442, -0.138989
1.02825, 0.671102, -16.6148, -1.5653, 0.528626, -0.120965
1.05085, 0.657623, -17.1597, -1.38359, 0.491775, -0.11981
1.15142, 0.696685, -17.3997, -1.64103, 0.950987, -0.131286
1.24527, 0.673018, -16.9958, -1.79659, 1.40147, -0.099801
1.24616, 0.592341, -16.5974, -1.73397, 1.35069, -0.054505
1.21003, 0.514261, -16.3201, -1.58225, 1.13927, -0.133631
1.16177, 0.441193, -16.2521, -1.31812, 0.848132, -0.14787
1.11179, 0.419854, -16.4157, -0.992674, 0.634171, -0.161517
1.12456, 0.447357, -16.5856, -0.831186, 0.684904, -0.125876
1.1319, 0.503946, -16.8503, -0.797657, 0.748662, -0.07144
1.14612, 0.566946, -17.0471, -0.905256, 0.923158, 0.075841
1.21608, 0.598439, -16.9344, -1.22414, 1.31845, 0.084698
1.22315, 0.60761, -16.8673, -1.48104, 1.39864, -0.008804
1.20192, 0.572321, -16.7272, -1.57981, 1.2483, -0.132866
1.18972, 0.538963, -16.6485, -1.57029, 1.1006, -0.146551
1.18009, 0.483813, -16.4507, -1.468, 1.00014, -0.161655
1.13346, 0.448234, -16.2998, -1.30002, 0.838183, -0.130751
1.13867, 0.445786, -16.5536, -0.962748, 0.866344, -0.098455
1.2106, 0.486003, -16.7183, -0.831319, 1.20813, -0.063681
1.19205, 0.541798, -16.5565, -0.881266, 1.17991, -0.017171
1.12236, 0.6107, -16.9301, -0.869346, 0.945372, 0.002715
1.12829, 0.713537, -17.5632, -1.0387, 1.04538, 0.017802
1.18964, 0.778833, -17.3737, -1.34316, 1.38127, 0.032666
1.19508, 0.779532, -16.9662, -1.52089, 1.42052, 0.015061
1.14348, 0.775523, -17.0326, -1.61523, 1.2209, 0.012122
1.12291, 0.769168, -17.0309, -1.70727, 0.921628, -0.011298
1.10965, 0.737799, -16.97, -1.52514, 0.636101, -0.045337
1.09299, 0.699565, -17.0904, -1.29602, 0.464321, -0.085628
1.084, 0.715091, -17.3686, -1.32543, 0.454404, -0.095379
1.1539, 0.71911, -17.1999, -1.49491, 0.719765, -0.058757
1.20391, 0.719569, -17.014, -1.54834, 1.09864, 0.007755
1.26559, 0.743864, -17.3767, -1.62173, 1.37113, 0.037278
1.27084, 0.740059, -17.3555, -1.67645, 1.3699, 0.00762
1.15905, 0.694837, -17.1584, -1.54083, 0.966642, -0.074664
1.13616, 0.70283, -17.8089, -1.34301, 0.735759, -0.130669
1.25194, 0.756424, -17.9322, -1.6074, 1.27587, -0.133541
1.25164, 0.71715, -17.2397, -1.71642, 1.43556, -0.113972
1.21345, 0.690048, -17.2844, -1.65502, 1.26817, -0.076517
1.2029, 0.6883, -17.4748, -1.54152, 0.990295, 0.005703
1.13166, 0.667756, -17.4175, -1.30625, 0.679633, -0.028462
1.11039, 0.672086, -17.4704, -1.12044, 0.534536, -0.092922
1.08576, 0.718824, -17.9783, -1.11401, 0.560443, -0.110945
1.14355, 0.7665, -18.1181, -1.24424, 0.856141, -0.087404
1.19678, 0.755414, -17.6662, -1.52489, 1.33876, 0.033223
1.21367, 0.747047, -17.5235, -1.67809, 1.39452, 0.052076
1.21984, 0.735396, -17.5548, -1.74607, 1.26972, 0.002784
1.1446, 0.688632, -17.3218, -1.67658, 0.896112, -0.072508
1.10777, 0.647931, -17.4827, -1.45504, 0.598786, -0.133346
1.134, 0.666461, -17.8933, -1.41346, 0.632008, -0.127372
1.14423, 0.670093, -17.714, -1.43655, 0.927214, -0.096629
1.19189, 0.669052, -17.614, -1.40144, 1.28546, -0.013956
1.23631, 0.70429, -17.7022, -1.36762, 1.50323, 0.021895
1.22691, 0.730262, -17.7283, -1.40754, 1.44526, 0.034648
1.1403, 0.697332, -17.8397, -1.25375, 1.00547, 0.016645
1.09319, 0.695306, -17.9225, -1.09081, 0.790314, -0.040955
1.16712, 0.750546, -17.8941, -1.21082, 1.08857, -0.05605
1.22138, 0.768116, -17.6592, -1.55627, 1.40019, 0.00321
1.19192, 0.73052, -17.452, -1.79988, 1.26285, 0.011733
1.18363, 0.705122, -17.5176, -1.81004, 1.02188, -0.057992
1.16054, 0.645634, -17.3431, -1.68896, 0.816212, -0.132731
1.10623, 0.556603, -17.1974, -1.53743, 0.638612, -0.161656
1.11313, 0.527708, -17.2981, -1.46699, 0.706682, -0.173899
1.17718, 0.523407, -17.1576, -1.52572, 1.04107, -0.153111
1.20563, 0.499833, -16.9573, -1.42293, 1.23202, -0.115399
1.19457, 0.509608, -17.5034, -1.21031, 1.27119, -0.078908
1.30711, 0.575771, -17.9572, -1.4349, 1.66876, -0.024802
1.32229, 0.545918, -17.2768, -1.55609, 1.75364, -0.007388
1.2682, 0.486555, -16.7212, -1.51787, 1.48513, -0.054241
1.23555, 0.447045, -16.7177, -1.34386, 1.07264, -0.141707
1.15373, 0.434586, -16.7136, -0.989788, 0.782939, -0.141248
1.1639, 0.470321, -17.2863, -0.831952, 0.796803, -0.114707
1.17402, 0.549753, -17.7168, -0.833584, 0.928181, -0.072517
1.14692, 0.637435, -17.6684, -0.899799, 1.02781, 0.129659
1.20405, 0.723509, -18.0897, -1.11056, 1.20238, 0.264383
1.24824, 0.797898, -18.2621, -1.50014, 1.44234, 0.30736
1.24947, 0.786537, -17.7502, -1.72013, 1.53841, 0.111906
1.265, 0.748821, -17.4528, -1.74774, 1.43244, -0.002536
1.22019, 0.717809, -17.4375, -1.68138, 1.05318, -0.085211
1.16745, 0.678628, -17.6793, -1.52963, 0.739178, -0.068115
1.12766, 0.640683, -17.86, -1.40253, 0.651563, -0.003327
1.21395, 0.644641, -17.8275, -1.63, 1.10888, 0.004156
1.34359, 0.63624, -17.3112, -1.6944, 1.67635, 0.022909
1.34861, 0.599808, -16.8047, -1.56216, 1.72791, 0.047668
1.30572, 0.559186, -16.8415, -1.32636, 1.38786, 0.036176
1.22158, 0.561691, -17.1204, -0.924503, 0.984901, -0.025628
1.1594, 0.666701, -17.661, -0.902552, 0.88236, -0.067685
1.21159, 0.815849, -18.2234, -1.03255, 1.07929, 0.054013
1.24314, 0.971698, -18.3029, -1.2584, 1.28246, 0.183254
1.22419, 1.09325, -18.4842, -1.53605, 1.25905, 0.325836
1.24192, 1.15228, -18.2823, -1.79868, 1.35135, 0.323571
1.25165, 1.15662, -17.8765, -1.88786, 1.46193, 0.142433
1.2392, 1.15564, -17.9247, -1.73953, 1.17445, 0.016718
1.16667, 1.16056, -17.8257, -1.69581, 0.87784, -0.089698
1.14562, 1.1825, -17.9691, -1.82927, 0.713304, -0.095347
1.16543, 1.17328, -18.1087, -2.02257, 0.647405, -0.012338
1.16483, 1.15668, -18.1973, -2.18178, 0.76227, 0.013514
1.2747, 1.10871, -18.0384, -2.36862, 1.14967, -0.016361
1.32902, 0.994919, -17.5201, -2.33498, 1.35638, -0.068176
1.32911, 0.824356, -16.7891, -2.09988, 1.26143, -0.135505
1.3118, 0.688484, -16.5543, -1.80951, 1.06018, -0.171056
1.26549, 0.595862, -16.5619, -1.47254, 0.84555, -0.241388
1.2515, 0.602598, -16.9783, -1.18093, 0.789106, -0.194482
1.31587, 0.639136, -17.2101, -1.07855, 1.13259, -0.098477
1.3479, 0.70793, -17.2404, -1.20864, 1.51964, 0.045244
1.42061, 0.807617, -17.5291, -1.52991, 1.82619, 0.113075
1.43722, 0.814445, -17.2963, -1.80846, 1.97048, 0.05449
1.3653, 0.772735, -16.8524, -1.75432, 1.82267, -0.027283
1.35386, 0.772603, -17.0429, -1.64468, 1.62928, -0.108901
1.30077, 0.761126, -17.0275, -1.60039, 1.45881, -0.169328
1.21892, 0.744399, -17.1186, -1.43418, 1.1293, -0.165334
1.2337, 0.770002, -17.6404, -1.40511, 1.03307, -0.10282
1.24481, 0.779275, -17.5286, -1.68013, 1.19011, -0.081983
1.28292, 0.767911, -17.098, -1.91028, 1.49574, -0.035039
1.34048, 0.750828, -17.219, -1.95065, 1.57872, -0.11076
1.30535, 0.695966, -16.8183, -1.86993, 1.38369, -0.151487
1.24426, 0.606641, -16.7609, -1.68426, 1.07436, -0.182615
1.24357, 0.582207, -17.1653, -1.52973, 0.963769, -0.205366
1.26626, 0.575156, -17.1366, -1.62976, 1.23476, -0.151038
1.36923, 0.553451, -16.8149, -1.6727, 1.61679, -0.124037
1.38717, 0.525091, -16.6832, -1.54236, 1.68043, -0.107206
1.34189, 0.513938, -16.8305, -1.33352, 1.4731, -0.09075
1.32334, 0.517071, -17.0424, -1.00663, 1.28308, -0.093892
1.26535, 0.554648, -17.1487, -0.911106, 1.17485, -0.102535
1.26548, 0.63767, -17.3887, -0.995087, 1.27929, -0.081031
1.32608, 0.758586, -17.4605, -1.20445, 1.61296, -0.05373
1.34932, 0.868755, -17.3908, -1.37853, 1.73883, 0.060272
1.30364, 0.982304, -17.5459, -1.46676, 1.58859, 0.159837
1.22653, 1.12089, -18.0692, -1.62961, 1.42641, 0.197102
1.20739, 1.22645, -18.0433, -1.72242, 1.34643, 0.128878
1.16791, 1.34639, -18.2002, -1.80342, 1.17178, 0.066098
1.14677, 1.50813, -18.6119, -1.97747, 1.11669, 0.078549
1.12221, 1.60065, -18.6121, -2.16314, 1.1429, 0.198425
1.09934, 1.61121, -18.2906, -2.19782, 1.07228, 0.258706
1.11375, 1.66939, -18.2953, -2.38574, 0.987284, 0.265747
1.06559, 1.67323, -18.2843, -2.83389, 0.751077, 0.099164
1.05494, 1.52863, -17.7591, -2.78797, 0.656784, -0.041201
1.08548, 1.39846, -17.5229, -2.61789, 0.646959, -0.147574
1.09845, 1.31866, -17.2212, -2.40447, 0.538148, -0.210422
1.07713, 1.27043, -17.1498, -2.16344, 0.397898, -0.147408
1.09035, 1.26556, -17.3069, -1.92586, 0.488827, -0.095227
1.18003, 1.32728, -17.4226, -1.80268, 0.929109, 0.069477
1.20339, 1.40359, -17.1075, -1.80017, 1.10668, 0.139944
1.17068, 1.53664, -17.7569, -2.01322, 1.12439, 0.148599
1.23963, 1.66938, -18.1243, -2.50186, 1.46659, 0.158418
1.23264, 1.6293, -17.4339, -2.80587, 1.59408, 0.115006
1.22205, 1.52585, -16.9241, -2.85246, 1.38675, 0.021949
1.1484, 1.45769, -16.9217, -2.68404, 0.838263, -0.050164
1.04313, 1.37186, -16.7421, -2.50403, 0.520191, -0.113532
1.07997, 1.30313, -16.8349, -2.43564, 0.538214, -0.139073
1.10318, 1.27512, -16.9599, -2.39063, 0.602561, -0.148876
1.1191, 1.23552, -16.7097, -2.4715, 0.735328, -0.110382
1.17562, 1.20747, -16.8807, -2.5603, 1.08698, -0.066419
1.23123, 1.14288, -16.6571, -2.52631, 1.3569, -0.053508
1.24101, 1.0753, -16.5354, -2.48808, 1.36788, -0.11463
