Fx [N], Fy [N], Fz [N], Mx [Nm], My [Nm], Mz [Nm]
-0.622044, 0.226812, -15.4146, -0.6468, -1.78207, 0.14797
-0.58623, 0.263642, -15.3665, -0.710551, -1.81009, 0.075334
-0.611591, 0.300044, -15.4475, -0.836807, -1.94461, -0.01537
-0.614658, 0.313323, -15.7048, -0.998073, -1.93236, -0.056219
-0.531281, 0.333455, -15.4623, -1.13954, -1.66011, -0.046103
-0.451129, 0.308447, -15.38, -1.12448, -1.54708, -0.048546
-0.414442, 0.283297, -15.3656, -1.07378, -1.54562, -0.040842
-0.386391, 0.263181, -15.0974, -0.978585, -1.53419, -0.037134
-0.33348, 0.228424, -15.1816, -0.779843, -1.53833, -0.052582
-0.350189, 0.19601, -15.6312, -0.685932, -1.60769, -0.109363
-0.374294, 0.205499, -15.7772, -0.705927, -1.62555, -0.067409
-0.303832, 0.21649, -15.6793, -0.714195, -1.459, 0.010059
-0.287256, 0.214991, -15.9344, -0.764004, -1.37675, 0.047781
-0.230331, 0.22629, -15.9974, -0.936874, -1.14187, 0.077509
-0.119058, 0.237473, -15.4188, -1.04184, -0.830054, -0.004958
-0.080916, 0.194939, -15.1235, -0.983161, -0.842791, -0.129552
-0.095536, 0.155262, -15.4724, -0.762146, -0.975673, -0.211023
-0.159062, 0.126814, -15.6502, -0.63658, -1.04837, -0.273393
-0.176242, 0.133893, -15.8421, -0.593889, -1.03495, -0.224351
-0.174929, 0.146014, -15.9023, -0.507562, -0.823442, -0.040335
-0.180801, 0.181381, -15.8757, -0.597803, -0.775763, 0.000396
-0.169143, 0.219227, -15.8284, -0.719508, -0.741964, 0.07158
-0.164163, 0.260933, -15.6371, -0.738146, -0.76158, 0.08194
-0.218701, 0.279658, -15.7742, -0.638376, -0.947116, -0.039816
-0.320832, 0.325127, -16.0694, -0.679985, -1.20927, -0.024385
-0.417061, 0.383809, -16.3739, -0.784008, -1.36919, 0.041516
-0.428436, 0.446731, -16.3516, -0.931836, -1.36839, 0.080643
-0.4764, 0.489983, -16.418, -1.07198, -1.38164, 0.105763
-0.446586, 0.526011, -16.3547, -1.30746, -1.28945, 0.115837
-0.364833, 0.555916, -15.7234, -1.45277, -1.12502, 0.044767
-0.371723, 0.5646, -15.4692, -1.47333, -1.24117, -0.106729
-0.386345, 0.54178, -15.5423, -1.35145, -1.49372, -0.179039
-0.405005, 0.533569, -15.329, -1.24208, -1.50328, -0.205807
-0.43115, 0.536896, -15.4322, -1.20085, -1.61512, -0.158123
-0.465691, 0.543823, -15.6624, -1.18969, -1.63772, -0.022544
-0.373626, 0.572411, -15.225, -1.29703, -1.27257, 0.056555
-0.307816, 0.589289, -14.9859, -1.44419, -1.16289, 0.078524
-0.321636, 0.593594, -14.8769, -1.54935, -1.25863, -0.07087
-0.325269, 0.593534, -14.8157, -1.5928, -1.33766, -0.119978
-0.332996, 0.582759, -14.8753, -1.50175, -1.38596, -0.190815
-0.370146, 0.563099, -15.0343, -1.4164, -1.49145, -0.216919
-0.386071, 0.562133, -15.2157, -1.4464, -1.46265, -0.223762
-0.332567, 0.572355, -15.0478, -1.57108, -1.26333, -0.145943
-0.287884, 0.571675, -14.8064, -1.59305, -1.14831, -0.136933
-0.293365, 0.548979, -14.9543, -1.45301, -1.18616, -0.2067
-0.325145, 0.534198, -15.056, -1.27142, -1.28039, -0.207593
-0.358684, 0.523845, -15.21, -1.1243, -1.38921, -0.116948
-0.371895, 0.528721, -15.3196, -1.09647, -1.42827, -0.07698
-0.39286, 0.549797, -15.4478, -1.11781, -1.4205, -0.045097
-0.435628, 0.561588, -15.7702, -1.2302, -1.32936, -0.03518
-0.399066, 0.584055, -15.6886, -1.45626, -1.12557, -0.01687
-0.347908, 0.58902, -15.3461, -1.50314, -1.03834, -0.068737
-0.351987, 0.567163, -15.4094, -1.41317, -1.15392, -0.220039
-0.412267, 0.559077, -15.6321, -1.28042, -1.39568, -0.235549
-0.467114, 0.56312, -15.7865, -1.20588, -1.52765, -0.23456
-0.506495, 0.582669, -16.1569, -1.21421, -1.65144, -0.241521
-0.567701, 0.620174, -16.5418, -1.31387, -1.75196, -0.247447
-0.608467, 0.67506, -16.8359, -1.38966, -1.84381, -0.244006
-0.565923, 0.706424, -16.8053, -1.45148, -1.75088, -0.201895
-0.511064, 0.723487, -16.7167, -1.49771, -1.71391, -0.177667
-0.528784, 0.76302, -17.0052, -1.64363, -1.81239, -0.182156
-0.508096, 0.794564, -17.1857, -1.77835, -1.79422, -0.122882
-0.458692, 0.769284, -17.224, -1.8198, -1.69308, -0.109267
-0.398379, 0.741069, -17.3151, -1.80595, -1.606, -0.125857
-0.335077, 0.712371, -17.1114, -1.79865, -1.48165, -0.101369
-0.251725, 0.676408, -16.8512, -1.72669, -1.31714, -0.074849
-0.179898, 0.620431, -16.9154, -1.64183, -1.23625, -0.076417
-0.159901, 0.570881, -17.0327, -1.57505, -1.18293, -0.111486
-0.119108, 0.526997, -17.0145, -1.46704, -1.11842, -0.125802
-0.02919, 0.483563, -16.85, -1.38316, -0.965405, -0.150776
0.038616, 0.436415, -16.6448, -1.29561, -0.84405, -0.162195
0.054474, 0.409844, -16.7644, -1.24948, -0.797183, -0.033448
0.153657, 0.402212, -16.3682, -1.31298, -0.530196, -0.011477
0.212207, 0.373987, -15.9693, -1.23617, -0.410347, 0.000941
0.171705, 0.343016, -16.3141, -1.04455, -0.629893, -0.163511
0.147565, 0.326078, -16.5762, -0.841555, -0.636999, -0.134845
0.107675, 0.331577, -16.6508, -0.747992, -0.581811, 0.016215
0.090145, 0.364906, -16.9218, -0.846137, -0.46172, 0.078349
0.09863, 0.407347, -16.7884, -1.05687, -0.329672, 0.149989
0.105875, 0.425044, -16.4631, -1.15561, -0.300511, 0.137443
0.114714, 0.433683, -16.5046, -1.19773, -0.310014, 0.094237
0.085389, 0.422801, -16.619, -1.13366, -0.368662, -0.080032
-0.003537, 0.42259, -16.9254, -0.959825, -0.841197, -0.08473
-0.032267, 0.420273, -16.9982, -0.998992, -0.920145, -0.017136
-0.014718, 0.442855, -16.9111, -1.1349, -0.811213, 0.126905
0.019271, 0.448383, -16.8095, -1.31181, -0.654555, 0.126576
0.06016, 0.430544, -16.7277, -1.35829, -0.526767, 0.110455
0.145388, 0.397053, -16.4057, -1.36789, -0.45072, -0.053762
0.148899, 0.330104, -16.4096, -1.23096, -0.558322, -0.089591
0.165573, 0.267438, -16.6659, -1.05631, -0.652166, -0.157303
0.173908, 0.213108, -16.7963, -0.922813, -0.714143, -0.172977
0.159149, 0.18046, -16.8719, -0.839691, -0.754197, -0.160227
0.213498, 0.160067, -16.7774, -0.82588, -0.615725, -0.069223
0.30289, 0.177922, -16.2591, -0.95636, -0.175767, 0.036946
0.38173, 0.171745, -15.4848, -0.916896, 0.087526, 0.023636
0.368564, 0.155594, -15.4129, -0.759221, 0.127824, -0.11584
0.333397, 0.125436, -15.6573, -0.477592, -0.012031, -0.128305
0.245591, 0.147475, -16.0022, -0.411805, -0.206207, -0.013658
0.140733, 0.184565, -16.5474, -0.485146, -0.375298, 0.07915
0.104066, 0.249409, -16.688, -0.635985, -0.353286, 0.125992
0.090148, 0.297502, -16.5878, -0.774659, -0.307942, 0.142265
0.044193, 0.354635, -16.9613, -0.938683, -0.376981, 0.122523
0.06194, 0.385234, -16.5063, -1.03599, -0.283276, -0.019433
0.026987, 0.398318, -16.3759, -0.973321, -0.396962, -0.057242
-0.055168, 0.415217, -17.0245, -0.979919, -0.673259, -0.179254
-0.138735, 0.453372, -17.0354, -1.08694, -0.805313, -0.212276
-0.152298, 0.480242, -17.0266, -1.11922, -0.797023, -0.171267
-0.167627, 0.495349, -17.3366, -1.13016, -0.761423, -0.08164
-0.217307, 0.535386, -17.1692, -1.22324, -0.797876, -0.051507
-0.213556, 0.584413, -17.0705, -1.27062, -0.792807, -0.11658
-0.27192, 0.621141, -17.2492, -1.28117, -0.960846, -0.19444
-0.401959, 0.705883, -17.9839, -1.36784, -1.23655, -0.19209
-0.477877, 0.811345, -18.2711, -1.50499, -1.38417, -0.144185
-0.513309, 0.88383, -18.1375, -1.56926, -1.44146, -0.097493
-0.593185, 0.97079, -18.6498, -1.71803, -1.68629, -0.03843
-0.633906, 1.06297, -18.73, -1.9105, -1.75842, 0.014843
-0.578359, 1.10751, -18.2363, -2.06625, -1.62282, 0.081302
-0.529993, 1.13465, -18.1909, -2.21756, -1.58012, -0.002041
-0.54383, 1.14841, -18.1608, -2.38707, -1.69133, -0.157839
-0.51768, 1.1538, -18.1114, -2.39457, -1.71765, -0.193166
-0.51021, 1.14106, -18.1547, -2.31861, -1.75478, -0.168144
-0.560762, 1.14265, -18.4726, -2.31207, -1.86239, -0.089209
-0.579608, 1.18239, -18.8434, -2.33637, -1.8689, -0.010702
-0.493219, 1.16791, -18.3512, -2.44341, -1.38546, 0.087848
-0.455368, 1.15138, -18.1106, -2.38805, -1.2628, 0.049585
-0.448064, 1.18878, -18.4315, -2.44652, -1.17962, -0.046036
-0.374358, 1.15431, -17.7115, -2.32918, -1.06273, -0.084553
-0.463824, 1.14538, -18.2067, -2.15981, -1.39118, -0.146658
-0.442938, 1.18293, -18.7936, -2.1598, -1.56268, -0.108832
-0.465735, 1.17681, -18.3728, -2.19311, -1.60716, -0.020521
-0.345139, 1.15788, -18.0638, -2.23107, -1.48901, 0.043058
-0.321631, 1.17548, -18.2829, -2.32451, -1.3912, 0.086929
-0.285843, 1.19235, -17.9292, -2.44745, -1.28375, 0.093982
-0.23514, 1.14779, -17.8557, -2.44096, -1.30071, 0.04629
-0.249743, 1.12064, -17.8271, -2.33913, -1.38799, -0.047907
-0.2036, 1.10689, -17.8574, -2.25128, -1.35431, -0.062292
-0.257117, 1.12615, -18.2282, -2.3531, -1.42776, -0.06693
-0.222452, 1.09472, -18.1446, -2.4883, -1.23853, -0.076361
-0.139476, 1.06117, -17.6644, -2.49022, -0.924114, -0.092979
-0.099662, 1.02645, -17.7896, -2.44676, -0.855694, -0.109244
-0.024513, 0.965873, -17.3632, -2.3495, -0.721972, -0.134507
-0.034334, 0.92333, -17.1558, -2.18146, -0.746533, -0.171896
-0.046145, 0.91188, -17.7194, -1.97255, -0.994526, -0.136765
-0.110524, 0.903322, -18.1289, -1.83999, -1.12485, -0.03901
-0.13927, 0.915433, -18.1538, -1.73451, -1.07045, -0.001441
-0.107894, 0.956857, -18.4334, -1.76866, -0.893853, 0.041634
-0.074567, 0.995444, -18.2902, -1.88816, -0.693484, 0.093122
-0.060097, 1.03343, -18.1436, -1.99369, -0.628924, 0.110466
-0.063148, 1.06602, -18.0876, -2.02584, -0.614423, 0.103318
-0.089119, 1.09724, -18.0553, -1.99614, -0.645415, 0.019753
-0.16402, 1.15993, -18.4015, -2.06252, -0.812879, 0.023481
-0.290169, 1.23346, -18.6889, -2.19267, -0.986674, 0.05051
-0.289094, 1.28223, -18.5764, -2.24686, -1.00798, 0.057193
-0.352787, 1.3253, -18.5581, -2.26743, -1.1803, 0.05599
-0.442015, 1.39235, -18.6899, -2.38797, -1.34381, 0.110611
-0.477024, 1.45476, -18.7629, -2.53995, -1.32042, 0.121013
-0.409648, 1.45935, -18.3607, -2.58059, -1.25585, 0.122209
-0.497903, 1.47592, -18.5603, -2.68485, -1.70219, 0.087971
-0.550889, 1.50475, -18.5897, -2.89622, -1.89724, -0.030073
-0.484659, 1.47814, -18.3311, -2.99334, -1.76419, -0.048751
-0.450572, 1.43213, -18.3136, -3.05563, -1.68045, -0.06346
-0.461014, 1.4071, -18.3898, -3.09718, -1.55426, -0.12415
-0.300532, 1.33018, -17.7786, -2.98733, -1.14117, -0.141645
-0.194784, 1.23985, -17.3267, -2.82519, -0.954255, -0.120666
-0.159264, 1.19241, -17.1929, -2.65455, -1.08548, -0.12166
-0.220467, 1.16596, -17.2755, -2.39739, -1.29571, -0.105875
-0.230046, 1.14861, -17.5718, -2.32355, -1.3621, -0.05812
-0.241254, 1.15177, -17.7764, -2.3724, -1.38682, -0.019881
-0.295889, 1.18743, -17.8696, -2.55721, -1.34373, -0.012291
-0.20593, 1.16759, -17.615, -2.70213, -0.972141, -0.088268
-0.145525, 1.11734, -17.1407, -2.60149, -0.788579, -0.127629
-0.141949, 1.07921, -16.9117, -2.47993, -0.83435, -0.180584
-0.178173, 1.06487, -17.1044, -2.4218, -0.886175, -0.175186
-0.184269, 1.03988, -17.151, -2.36947, -0.850471, -0.115652
-0.192512, 1.02363, -17.1154, -2.17769, -0.931958, -0.094413
-0.263991, 1.01307, -17.3308, -2.01588, -1.18013, -0.064551
-0.321101, 1.04208, -17.7397, -2.06699, -1.23341, 0.015152
-0.268888, 1.04512, -17.4983, -2.22941, -1.07459, 0.052014
-0.269706, 1.04033, -17.3234, -2.38742, -1.23065, -0.032201
-0.271647, 1.01773, -17.2634, -2.41655, -1.29262, -0.050608
-0.242374, 0.983423, -17.0765, -2.36272, -1.20829, -0.069701
-0.24362, 0.952404, -17.1528, -2.25416, -1.25889, -0.091257
-0.24498, 0.927933, -17.2615, -2.15396, -1.3081, -0.114769
-0.240189, 0.903291, -17.1793, -2.11083, -1.2418, -0.134658
-0.183687, 0.88943, -17.0591, -1.96099, -1.05488, -0.078728
-0.192523, 0.876359, -17.0866, -1.7721, -0.97502, 0.004105
-0.216749, 0.893128, -17.2105, -1.79535, -0.944496, 0.051096
-0.2159, 0.926858, -17.1824, -1.86827, -0.857911, 0.069834
-0.203508, 0.932732, -17.1469, -1.90247, -0.832718, 0.051182
-0.225553, 0.964313, -17.3499, -1.9992, -0.875597, -0.00412
-0.222067, 0.97327, -17.2952, -2.06596, -0.855587, -0.062477
-0.245303, 0.96731, -17.4947, -2.09165, -1.06139, -0.168024
-0.238645, 0.967237, -17.7289, -2.17515, -1.27349, -0.196898
-0.198917, 0.941109, -17.437, -2.2206, -1.18853, -0.183847
-0.130787, 0.912493, -17.1626, -2.19038, -1.06177, -0.152691
-0.071091, 0.866684, -17.0533, -2.15016, -0.955527, -0.128593
-0.034852, 0.842143, -16.8045, -2.05511, -0.938495, -0.092185
-0.018049, 0.821861, -16.837, -1.90973, -0.935221, -0.043397
-0.007354, 0.79154, -16.93, -1.66825, -0.888836, -0.016613
-0.053663, 0.782749, -17.2067, -1.57511, -0.911677, 0.010223
-0.062323, 0.802859, -17.3274, -1.63612, -0.745247, 0.038263
0.011095, 0.825361, -17.0123, -1.76443, -0.433281, 0.050452
0.063893, 0.821059, -16.8155, -1.76798, -0.359939, 0.041373
0.049755, 0.832102, -16.7822, -1.65224, -0.501284, 0.056735
-0.003514, 0.830701, -16.8803, -1.60788, -0.718504, 0.051972
-0.000205, 0.840501, -17.0854, -1.64261, -0.722807, 0.069845
-0.0304, 0.862215, -17.3089, -1.67731, -0.754703, 0.073305
-0.058788, 0.888349, -17.3389, -1.78055, -0.76921, 0.098097
-0.045256, 0.910472, -17.2191, -1.91653, -0.571813, 0.098211
0.000358, 0.915215, -16.9275, -2.01147, -0.416987, 0.032259
-0.008889, 0.931658, -16.9726, -2.08127, -0.470639, 0.007973
-0.032466, 0.929649, -16.844, -2.06745, -0.520774, -0.014153
-0.06776, 0.922501, -16.9446, -1.9487, -0.68341, -0.130677
-0.14623, 0.93365, -17.3764, -1.93926, -0.85488, -0.194142
-0.143208, 0.969189, -17.5219, -2.08965, -0.78123, -0.179294
-0.093883, 0.978558, -17.2213, -2.17775, -0.628291, -0.121729
-0.097961, 0.977961, -17.2161, -2.25117, -0.668362, -0.06241
-0.050389, 0.969573, -17.0498, -2.29563, -0.675078, -0.084908
-0.060109, 0.938042, -16.9376, -2.13201, -0.981144, -0.161916
-0.1077, 0.923371, -17.3501, -1.98031, -1.15107, -0.198384
-0.109604, 0.919896, -17.5131, -1.98221, -1.13303, -0.194169
-0.082714, 0.918087, -17.4174, -1.99066, -1.09784, -0.143067
-0.079234, 0.917274, -17.6426, -2.07861, -1.06877, -0.114964
-0.028816, 0.910963, -17.2739, -2.20847, -0.838637, -0.06186
0.090077, 0.896096, -16.734, -2.17504, -0.471498, -0.101125
0.113919, 0.874896, -16.8094, -2.13361, -0.433086, -0.142811
0.030664, 0.864411, -16.6361, -2.03237, -0.574455, -0.176128
-0.042679, 0.858002, -16.641, -1.79452, -0.586511, -0.176356
-0.073258, 0.886096, -16.963, -1.72996, -0.583474, -0.095132
-0.105873, 0.947081, -17.0389, -1.83225, -0.616386, 0.036268
-0.147505, 1.00992, -17.0467, -1.9356, -0.668, 0.06975
-0.207642, 1.06552, -17.3201, -2.04697, -0.795415, 0.097005
-0.257595, 1.12482, -17.6346, -2.13414, -0.924971, 0.08675
-0.306341, 1.17002, -17.785, -2.17295, -1.09282, 0.026436
-0.36853, 1.19703, -18.0026, -2.24986, -1.228, 0.020285
-0.346934, 1.2329, -18.0164, -2.49673, -1.10893, 0.001595
-0.318128, 1.24574, -17.7579, -2.6972, -1.03805, -0.004519
-0.336907, 1.24276, -17.8829, -2.76254, -1.19122, -0.018781
-0.294333, 1.21907, -17.7792, -2.71354, -1.19731, -0.064651
-0.31056, 1.19481, -17.6988, -2.61012, -1.32109, -0.101946
-0.314903, 1.17347, -17.8732, -2.51994, -1.44349, -0.09756
-0.34702, 1.16626, -18.1299, -2.49981, -1.45486, -0.063986
-0.285471, 1.15395, -18.0916, -2.34037, -1.25927, 0.013697
-0.21699, 1.14218, -18.0141, -2.19677, -0.931716, 0.065714
-0.2266, 1.18344, -18.0341, -2.36196, -0.921443, 0.189348
-0.209359, 1.22187, -18.0082, -2.45395, -0.920558, 0.200118
-0.170182, 1.21989, -17.9593, -2.4081, -0.748962, 0.065518
-0.120309, 1.20397, -17.791, -2.31875, -0.690849, 0.023879
-0.206246, 1.20518, -17.8854, -2.22161, -0.958366, -0.011077
-0.272226, 1.2206, -18.009, -2.22367, -1.18819, 0.017708
-0.329885, 1.2414, -18.3404, -2.26712, -1.1981, 0.05517
-0.276298, 1.27603, -18.1696, -2.36179, -1.03394, 0.081492
-0.289689, 1.28279, -17.8333, -2.50394, -1.08264, 0.18738
-0.283722, 1.2862, -17.7348, -2.60087, -1.04552, 0.115433
-0.220543, 1.28373, -17.651, -2.72327, -0.892108, 0.034514
-0.266963, 1.27271, -17.6155, -2.80728, -1.09479, -0.002868
-0.287174, 1.26364, -17.8301, -2.8116, -1.25178, -0.07032
-0.253923, 1.2327, -17.728, -2.78848, -1.12932, -0.089864
-0.196204, 1.19114, -17.3268, -2.7021, -1.06528, -0.074808
-0.203005, 1.16235, -17.4512, -2.54666, -1.21567, -0.099516
-0.216335, 1.13233, -17.5117, -2.48296, -1.26321, -0.123281
-0.179556, 1.1098, -17.4053, -2.3964, -1.19284, -0.144213
-0.195765, 1.09523, -17.5489, -2.29316, -1.23886, -0.111666
-0.225178, 1.11677, -17.7353, -2.42634, -1.25152, -0.055086
-0.187717, 1.13535, -17.6498, -2.59, -0.908554, -0.046278
-0.139144, 1.10059, -17.5019, -2.43394, -0.674006, -0.10095
-0.206079, 1.11347, -17.9764, -2.51571, -0.837441, -0.075581
-0.188111, 1.12328, -17.6601, -2.53838, -0.751263, -0.052658
-0.21587, 1.09071, -17.449, -2.3648, -0.706991, -0.100276
-0.219588, 1.07656, -17.6983, -2.23455, -0.729357, -0.111783
-0.31302, 1.12167, -17.805, -2.29436, -0.83899, -0.02719
-0.305567, 1.13033, -17.3163, -2.23443, -0.833285, 0.02985
-0.381657, 1.14703, -17.3479, -2.14823, -0.993236, 0.022842
-0.475016, 1.19435, -17.4681, -2.17047, -1.15037, 0.038312
-0.567563, 1.2533, -17.5868, -2.25807, -1.23056, 0.050995
-0.650383, 1.30432, -17.9274, -2.37549, -1.30694, 0.047471
-0.686338, 1.34062, -18.0429, -2.45084, -1.30967, 0.028482
-0.726799, 1.36151, -17.993, -2.45525, -1.33208, 0.010699
-0.735487, 1.36905, -17.9566, -2.44444, -1.41137, 0.008013
-0.815429, 1.40146, -18.2641, -2.54806, -1.58092, 0.034168
-0.814509, 1.4059, -18.0936, -2.65109, -1.64326, 0.021175
-0.850815, 1.41204, -18.1986, -2.70692, -1.83858, -0.085849
-0.876319, 1.42082, -18.4647, -2.97497, -1.91524, -0.064873
-0.725028, 1.41568, -17.8121, -2.98601, -1.70033, -0.017536
-0.741611, 1.36415, -17.7213, -2.84775, -1.94035, -0.059378
-0.782661, 1.36667, -18.2577, -2.8096, -2.11423, -0.034273
-0.67716, 1.36387, -17.929, -2.80469, -1.88025, 0.017468
-0.727753, 1.35812, -18.2014, -2.64817, -1.9947, 0.037084
-0.708399, 1.39128, -18.661, -2.84881, -1.74871, 0.069088
-0.595231, 1.41266, -18.2537, -2.97185, -1.24454, 0.081679
-0.5414, 1.37925, -18.0755, -2.90247, -1.14701, 0.038544
-0.4652, 1.36611, -18.0588, -2.90239, -1.07282, -0.011013
-0.456039, 1.29954, -17.6904, -2.7284, -1.32823, -0.155167
-0.522167, 1.2715, -17.9225, -2.45191, -1.83651, -0.183266
-0.629687, 1.26388, -18.4942, -2.41401, -2.06074, -0.134187
-0.585888, 1.28076, -18.2933, -2.40213, -1.90462, 0.034322
-0.52211, 1.28123, -18.1847, -2.43356, -1.71093, 0.058542
-0.450971, 1.31811, -18.2004, -2.64244, -1.37996, 0.147249
-0.300291, 1.33007, -17.737, -2.85176, -1.02695, 0.067418
-0.249315, 1.28469, -17.3266, -2.81304, -1.14394, 0.038648
-0.365221, 1.22695, -17.8065, -2.67099, -1.5136, -0.148316
-0.40752, 1.20725, -18.0345, -2.67482, -1.49622, -0.176889
-0.284194, 1.20539, -17.6442, -2.69962, -1.11461, -0.142747
-0.248034, 1.18295, -17.6618, -2.6819, -1.0245, -0.118863
-0.236189, 1.17245, -17.4257, -2.56101, -1.1725, -0.041349
-0.284244, 1.15001, -17.4719, -2.25886, -1.43293, -0.024759
-0.29586, 1.13306, -17.8488, -2.18955, -1.46624, -0.063833
-0.345755, 1.14536, -18.0514, -2.28298, -1.50949, -0.021286
-0.27154, 1.18104, -17.6799, -2.49205, -1.32244, -0.002515
-0.184227, 1.16433, -17.3687, -2.53909, -1.00286, -0.084143
-0.198507, 1.13606, -17.4295, -2.33018, -1.0146, -0.143782
-0.280449, 1.13478, -17.7358, -2.13152, -1.17841, -0.124185
-0.327118, 1.16985, -17.9392, -2.13367, -1.07255, -0.033955
-0.306429, 1.18884, -17.9099, -2.18678, -0.908105, 0.042422
-0.284825, 1.23437, -17.8658, -2.27992, -0.799073, 0.064107
-0.274431, 1.27755, -17.7513, -2.30962, -0.782589, 0.069707
-0.33971, 1.29662, -17.8195, -2.24111, -0.971246, 0.052774
-0.482689, 1.33171, -18.5544, -2.28946, -1.25892, 0.02844
-0.4674, 1.37778, -18.549, -2.41885, -1.14919, 0.039785
-0.486846, 1.3887, -18.5277, -2.5433, -1.04414, 0.030306
-0.363972, 1.41568, -18.1705, -2.7079, -0.787994, 0.044053
-0.317705, 1.41287, -17.7629, -2.78804, -0.752564, 0.01802
-0.367911, 1.38519, -17.7234, -2.65353, -1.24413, -0.079396
-0.490762, 1.36521, -18.0673, -2.40781, -1.60869, -0.146322
-0.626821, 1.4036, -18.593, -2.39456, -1.72488, -0.094992
-0.589329, 1.44664, -18.8011, -2.53303, -1.30938, 0.025773
-0.462872, 1.47339, -18.1758, -2.71537, -0.817248, 0.074634
-0.355377, 1.48073, -17.7053, -2.67796, -0.612018, 0.069951
-0.400871, 1.49655, -17.8127, -2.60262, -0.725575, 0.018601
-0.57865, 1.50388, -18.1984, -2.46562, -1.14061, -0.103225
-0.648705, 1.54749, -18.5184, -2.50228, -1.21652, -0.098464
-0.699382, 1.60327, -18.7826, -2.60436, -1.10098, -0.004133
-0.650854, 1.63118, -18.5502, -2.63329, -1.01363, 0.055162
-0.707266, 1.65724, -18.5759, -2.63026, -1.12801, 0.066554
-0.728334, 1.70982, -18.7753, -2.71448, -1.14173, 0.080695
