Fx [N], Fy [N], Fz [N], Mx [Nm], My [Nm], Mz [Nm]
0.696546, -0.146717, -4.68068, -0.286404, 0.250653, -0.043111
0.777303, -0.136061, -5.39967, -0.342872, 0.283949, -0.03048
0.843222, -0.149607, -6.23722, -0.369427, 0.352354, -0.01785
0.874328, -0.136124, -6.87121, -0.39737, 0.349559, 0.000873
0.864632, -0.136736, -7.10655, -0.404647, 0.262588, 0.088552
0.923168, -0.109426, -8.1047, -0.374829, 0.271254, 0.19959
1.09605, -0.12235, -9.84942, -0.287547, 0.410657, 0.247475
1.31557, -0.105585, -11.7862, -0.28431, 0.514957, 0.284818
1.50753, -0.070479, -13.5169, -0.394585, 0.601499, 0.28247
1.77727, 0.022572, -15.1899, -0.640023, 0.751045, 0.211219
2.13754, 0.073846, -17.1749, -0.911667, 1.12266, 0.081509
2.40406, 0.196346, -18.5773, -1.48813, 1.5434, -0.215101
2.52354, 0.500342, -19.221, -2.40995, 1.86847, -0.379416
2.66009, 0.887564, -19.8657, -3.22582, 2.04705, -0.422472
2.98637, 0.929001, -21.4903, -2.95245, 2.45743, -0.382459
3.2526, 0.864906, -22.7479, -2.17178, 3.1634, 0.100428
3.24189, 0.625378, -22.3809, -1.20635, 3.67731, 0.302663
3.23058, 0.402734, -22.4353, -0.481686, 3.85695, 0.244103
3.4512, 0.612787, -23.5363, -1.03812, 4.54915, 0.284628
3.28711, 0.973758, -23.4446, -2.19372, 4.6492, -0.110413
3.10516, 1.2253, -23.8362, -2.93786, 4.18408, -0.386546
3.23704, 1.46423, -24.3136, -3.53887, 3.88255, -0.34546
3.13532, 1.62717, -24.257, -3.5457, 3.5746, 0.001089
2.99279, 1.25374, -22.9547, -2.14922, 3.08769, 0.071708
3.43109, 1.01962, -24.2141, -1.47182, 3.26048, 0.111383
3.62615, 1.12854, -24.7849, -1.69268, 3.50483, 0.42069
3.57133, 1.38356, -24.4017, -2.50407, 3.48245, 0.27579
3.85515, 1.65797, -25.4221, -3.73364, 3.82299, -0.173149
3.81185, 2.01505, -24.8586, -5.00891, 4.01718, -0.41593
3.43736, 2.09472, -23.1751, -5.12751, 4.06392, -0.489992
3.17959, 1.69926, -21.4604, -3.50678, 3.91466, -0.125527
3.16449, 1.38183, -21.5665, -2.40622, 3.87043, 0.086953
3.15562, 1.16441, -21.8083, -1.8488, 3.98731, 0.299732
3.41605, 1.09671, -23.8148, -1.59023, 4.26694, 0.072617
3.54173, 1.40613, -24.328, -3.10564, 4.14594, -0.12839
3.20475, 1.81088, -22.9022, -4.25906, 3.61246, -0.270883
3.28227, 1.90945, -23.0367, -4.42809, 3.37416, -0.383927
3.45625, 1.7916, -22.9508, -3.97317, 3.35669, -0.147116
3.05507, 1.58536, -21.4033, -3.37028, 2.90079, -0.052551
3.34706, 1.52064, -22.5997, -2.78388, 3.3857, 0.060723
3.62263, 1.38634, -23.0893, -2.3983, 4.17062, 0.131702
3.24368, 1.35506, -22.3736, -2.88362, 4.36483, 0.04356
3.45345, 1.50849, -23.3395, -3.64174, 4.53634, -0.177758
3.6017, 1.76202, -24.3969, -4.26896, 4.92574, -0.343822
2.83876, 1.79332, -21.3899, -4.29002, 3.88706, -0.534214
2.69665, 1.57098, -20.6227, -3.65523, 3.65777, -0.367144
3.06211, 1.41079, -22.6118, -2.76842, 4.10965, -0.033423
2.82167, 1.39212, -22.3475, -2.69695, 4.04636, 0.111273
2.82923, 1.2696, -23.1495, -2.27492, 3.83751, -0.022827
3.22539, 1.19602, -24.8944, -2.30754, 4.16107, -0.103227
3.03544, 1.60545, -25.0024, -3.82822, 4.2715, -0.113706
2.80544, 1.86607, -23.9641, -4.39361, 3.77664, -0.146204
2.86506, 1.80956, -24.2171, -4.24292, 3.65787, -0.322606
2.80573, 1.74883, -24.018, -3.9513, 3.48796, -0.237561
2.85109, 1.69961, -24.3734, -3.23459, 3.6728, 0.038282
2.93156, 1.54434, -24.986, -2.67907, 3.63136, 0.074044
2.99532, 1.48335, -25.1533, -2.74107, 3.55521, 0.066156
3.21714, 1.8907, -26.8153, -3.90302, 3.67218, -0.020849
3.53388, 2.0345, -27.9958, -4.20731, 3.8175, -0.184289
3.61212, 2.1581, -28.007, -4.81715, 3.83048, -0.102161
3.36979, 2.33489, -26.7294, -5.42601, 3.72192, 0.039912
3.34191, 2.16517, -25.7454, -4.6272, 4.11594, -0.113838
3.36117, 2.07077, -25.3472, -4.24573, 4.69383, 0.004219
2.92509, 1.92943, -23.7325, -3.88499, 4.36021, 0.015248
2.8154, 1.7723, -24.0877, -3.33238, 4.15552, -0.0808
3.00761, 2.04003, -24.9292, -3.79859, 4.03192, -0.11144
2.98629, 2.28751, -26.153, -4.65009, 3.85822, -0.102691
2.97602, 2.23256, -26.2989, -4.48023, 3.33647, -0.216348
3.24195, 2.35378, -27.1217, -4.70773, 3.41115, -0.00848
3.18023, 2.50392, -26.627, -4.98248, 3.3629, 0.113849
3.14498, 2.35552, -25.9866, -4.57397, 4.27229, 0.08569
3.0579, 2.11886, -24.9244, -3.94749, 4.42001, -0.0904
2.97744, 2.15793, -24.9535, -4.12049, 4.33544, -0.025644
3.05702, 2.38239, -25.9595, -4.718, 4.36631, 0.061559
3.05032, 2.426, -26.269, -4.68435, 3.80148, -0.035564
2.90352, 2.29106, -25.3387, -4.14951, 3.14645, 0.054063
3.04323, 2.40399, -25.4333, -4.54477, 3.0793, 0.150037
3.29079, 2.65112, -26.7231, -5.2295, 3.48088, 0.053904
3.37747, 2.65954, -26.8521, -5.08463, 3.50678, -0.045616
3.35745, 2.45252, -26.0451, -4.67143, 3.28129, 0.07215
3.2298, 2.67358, -25.5827, -5.47076, 3.34608, 0.203909
3.47929, 2.8144, -26.2662, -5.44243, 4.04136, 0.090812
3.59985, 2.39517, -26.2525, -4.07957, 4.32875, -0.014566
3.34848, 2.40271, -25.6196, -4.72724, 4.55992, 0.018165
3.42825, 2.80122, -26.2284, -5.56737, 4.7601, 0.1337
3.5095, 2.56074, -26.694, -4.63102, 5.05913, -0.052732
3.37683, 2.37644, -26.6856, -4.59842, 4.86425, -0.024871
3.56049, 2.63211, -28.1499, -5.51296, 5.09127, 0.09507
3.60189, 2.68634, -28.6557, -5.26012, 5.34941, -0.10243
3.4201, 2.35696, -27.3564, -4.26065, 4.64184, -0.192151
3.34702, 2.3414, -27.5298, -5.04932, 4.49791, -0.014633
3.19101, 2.80176, -27.6628, -5.73758, 4.75727, 0.173783
2.94595, 2.39303, -26.4908, -4.35499, 4.50823, -0.328516
3.05593, 1.95714, -27.9495, -3.87116, 4.56668, -0.347459
3.038, 2.31811, -28.6768, -4.92529, 4.57809, 0.035948
2.52142, 2.3856, -27.5603, -4.44593, 3.96808, 0.171211
2.47378, 1.99241, -26.8629, -3.4033, 3.47992, -0.241749
2.96238, 1.80677, -29.5554, -3.79753, 3.78323, -0.166142
2.66608, 2.32109, -28.3264, -5.04564, 3.64726, 0.12033
2.21704, 2.32802, -25.6164, -4.78779, 2.97374, -0.101093
2.62407, 1.96655, -27.2096, -4.31381, 3.18637, -0.463591
2.89682, 2.19972, -28.4829, -5.23939, 3.61097, -0.165209
2.38044, 2.3962, -26.1927, -5.13285, 3.17926, -0.020583
2.52915, 2.08761, -26.5687, -3.80836, 2.99549, -0.176955
3.09353, 1.82757, -29.4383, -3.54884, 3.95292, 0.010169
2.72999, 1.84087, -27.9595, -3.69076, 4.19306, 0.051787
2.43184, 1.95603, -26.8652, -3.52195, 3.71093, -0.062094
2.59003, 1.76589, -26.7242, -3.12234, 3.5829, -0.146881
2.39413, 1.74117, -26.5753, -3.94456, 3.58416, -0.050531
2.09685, 2.08312, -24.441, -4.59277, 2.64875, -0.232366
2.26733, 2.02278, -25.0157, -3.94446, 2.45258, -0.203528
2.21567, 1.84834, -24.05, -3.95837, 2.22477, 0.054425
2.12187, 1.79692, -23.5027, -3.62839, 2.02104, 0.039129
2.71637, 1.70374, -26.203, -3.10162, 2.90945, -0.031349
2.95917, 1.88319, -27.5518, -3.71727, 3.67705, 0.270526
2.38268, 1.89262, -25.0042, -4.25518, 3.37743, 0.129661
2.31615, 1.87729, -23.9081, -3.80516, 3.15613, -0.356076
2.81542, 1.82312, -26.8648, -3.43083, 3.79105, -0.287052
2.4658, 1.67687, -25.1724, -3.27198, 3.48974, 0.160375
2.01054, 1.66099, -23.3775, -3.15721, 2.60458, 0.235776
2.51834, 1.63629, -25.3891, -2.77946, 2.79397, -0.021683
2.81406, 1.81067, -26.9086, -3.45112, 3.05279, 0.025535
2.33171, 1.88724, -24.7029, -4.1826, 2.78637, 0.208538
2.32115, 1.82477, -23.9675, -3.64537, 2.64921, 0.042466
2.64236, 1.8515, -25.5321, -3.521, 3.00153, -0.007039
2.4638, 1.87854, -24.4045, -3.93146, 3.44875, 0.164172
2.2216, 1.73225, -23.5999, -3.4763, 3.33062, 0.079993
2.43172, 1.67632, -24.9548, -2.98658, 3.60418, -0.044331
2.49432, 1.63168, -26.1765, -2.99422, 3.81101, -0.014599
2.17549, 1.50682, -24.6855, -3.13888, 3.35852, -0.036847
2.17813, 1.78644, -25.7471, -3.80621, 2.98913, -0.099747
2.50895, 1.88195, -27.6458, -3.76922, 2.88955, -0.060536
2.28401, 1.74406, -25.9202, -3.57698, 2.54707, 0.011679
2.13727, 1.82043, -25.6778, -4.06835, 2.29651, 0.015354
2.60991, 2.05744, -27.4451, -4.1643, 2.89212, 0.018375
2.67497, 1.75343, -27.8903, -3.28222, 3.86859, -0.026405
2.29675, 1.63375, -26.2037, -3.42165, 3.54051, -0.033019
2.32749, 1.73774, -26.3238, -3.38913, 3.36384, -0.086254
2.54117, 1.64249, -28.5515, -2.75087, 3.32479, -0.053207
2.412, 1.6478, -27.5532, -3.26112, 3.48153, 0.26531
2.09862, 1.84269, -27.1494, -4.07883, 3.07702, -0.013014
2.42494, 1.88439, -27.9608, -3.83225, 3.04909, -0.431061
2.61007, 1.82207, -28.6711, -3.77867, 3.05956, -0.240475
2.34895, 1.84439, -27.4098, -4.08133, 2.61219, 0.043255
2.30481, 1.76354, -25.9979, -3.5231, 2.17357, 0.017985
2.74111, 1.73953, -27.3781, -3.39486, 2.68933, -0.052227
2.82599, 1.88706, -26.9348, -4.19856, 2.87416, -0.02764
2.70502, 1.84231, -26.6914, -4.12373, 2.79236, -0.074897
2.99527, 1.86193, -27.8303, -3.67499, 3.40673, 0.046485
3.00958, 1.74958, -27.2341, -3.38629, 4.18228, 0.046883
2.6684, 1.58249, -25.7486, -3.11312, 3.70066, -0.116957
2.83201, 1.6648, -26.1688, -3.09184, 3.46051, 0.009389
2.79767, 1.89897, -26.3648, -3.71007, 4.09834, 0.246766
2.39123, 1.54699, -24.1449, -2.9063, 3.49936, -0.069289
2.63652, 1.41557, -25.5423, -2.83528, 3.34296, -0.263543
2.76819, 1.8993, -26.6863, -4.16168, 3.62124, -0.033234
2.41627, 1.84071, -25.1252, -3.75037, 3.31593, 0.028871
2.53777, 1.60109, -25.3359, -3.15441, 2.90674, -0.09373
2.89857, 1.80605, -27.8984, -3.79242, 3.51486, -0.019757
2.76603, 1.97451, -27.1113, -3.81169, 4.04802, 0.030252
2.51595, 1.56749, -25.0378, -2.62808, 3.27913, -0.066048
2.82711, 1.7203, -27.7349, -3.25821, 3.33979, 0.045398
2.93208, 1.99809, -28.0919, -3.6616, 3.83521, 0.353512
2.50895, 1.79008, -25.8055, -3.12397, 3.66715, -0.034072
2.63972, 1.72706, -26.3049, -3.51595, 3.31643, -0.251791
2.97024, 2.05823, -28.7464, -4.60938, 3.91091, -0.082572
2.53952, 2.12823, -26.0806, -4.16976, 3.72204, -0.024945
2.26633, 1.69151, -23.7168, -2.96293, 2.6022, -0.225768
2.86965, 1.78325, -27.6642, -3.60085, 3.07466, -0.063133
3.22779, 2.13937, -30.1668, -4.0111, 4.18324, 0.443598
2.67285, 1.91502, -27.0992, -3.43115, 4.19588, 0.12813
2.43522, 1.53346, -26.4395, -2.98979, 3.86275, -0.263508
2.7376, 1.57881, -28.1046, -3.49499, 4.16572, -0.123004
2.09135, 1.79335, -25.2365, -3.60798, 3.25735, 0.100503
1.61632, 1.75973, -23.4334, -3.4417, 2.41616, -0.083116
2.33025, 1.66453, -27.4142, -3.21452, 2.66831, -0.139067
2.35857, 1.62026, -27.7014, -2.94579, 3.1177, 0.041164
1.83612, 1.5702, -25.8215, -2.78268, 2.66151, -0.024375
2.47895, 1.77076, -29.2785, -3.42634, 2.89038, -0.05581
2.73265, 1.51704, -30.4034, -2.98924, 3.44934, -0.080223
2.04236, 1.45374, -26.6322, -3.22846, 2.74339, -0.172918
2.31077, 1.81044, -27.1122, -4.00885, 2.72657, -0.23896
2.66726, 1.80513, -29.0435, -4.05728, 3.53712, -0.327499
2.14751, 1.41087, -24.9987, -3.00272, 2.69225, -0.431672
2.23752, 1.40062, -25.7938, -2.91875, 2.33797, -0.196252
2.92209, 1.60004, -28.3498, -3.15861, 3.06149, 0.048643
2.75002, 1.33599, -27.2506, -2.4525, 3.13381, 0.208177
2.58699, 1.13116, -26.2664, -2.19099, 2.99268, 0.001816
3.13903, 1.60219, -29.2104, -3.70678, 4.23552, -0.134457
2.92711, 1.59784, -27.8387, -3.4921, 4.41679, -0.243668
2.37225, 1.14625, -25.282, -2.62722, 3.57546, -0.342285
2.45338, 1.39124, -25.04, -3.42579, 3.18131, -0.081461
2.34157, 1.53736, -24.7023, -3.53856, 3.00677, -0.085605
2.27461, 1.21463, -24.7186, -2.62057, 2.40877, -0.265591
2.80697, 1.31747, -26.8445, -3.05664, 2.95545, -0.070031
2.77413, 1.50513, -27.4872, -3.1371, 3.47184, 0.160212
2.48256, 1.15671, -25.1085, -2.02547, 3.37051, 0.008378
2.87116, 1.03395, -27.4679, -2.08477, 3.93952, -0.083672
3.04533, 1.41056, -29.2085, -3.26152, 4.58014, -0.063644
2.4008, 1.32865, -25.1946, -2.66789, 3.72661, -0.08254
2.21433, 1.04638, -24.7018, -2.00685, 2.96411, -0.161731
2.79219, 1.3033, -28.5276, -2.80682, 3.35053, 0.000708
2.75686, 1.34501, -28.0495, -2.42194, 3.7074, 0.091116
2.37248, 0.993356, -25.9944, -1.64895, 2.92145, -0.045298
2.83347, 1.17151, -27.5815, -2.54737, 3.07365, 0.000933
3.04773, 1.57701, -28.9862, -3.42248, 3.47021, 0.120397
2.89941, 1.35183, -27.9702, -2.62163, 3.09821, -0.035893
3.18821, 1.45554, -28.5988, -3.27943, 3.52719, -0.038144
3.08596, 1.64004, -27.8878, -3.88076, 4.24516, 0.05995
2.78481, 1.35731, -26.5372, -2.57409, 4.18269, -0.087316
2.96619, 1.1143, -27.0474, -1.82846, 4.08808, -0.012202
2.88034, 1.2083, -27.2093, -2.43026, 4.39425, 0.246081
2.3863, 1.24968, -25.3552, -2.4262, 3.73719, -0.031115
2.50877, 1.10244, -25.5728, -1.90969, 3.20078, -0.252507
2.7736, 1.3736, -27.3404, -2.90064, 3.28919, -0.092124
2.69624, 1.61132, -27.6119, -3.62183, 3.38466, 0.078375
2.61623, 1.60983, -26.846, -3.31414, 2.87603, -0.063591
2.94786, 1.61364, -28.0064, -3.35856, 3.17779, -0.111126
2.93531, 1.88824, -27.3166, -4.38532, 3.54596, -0.075029
2.45623, 1.74344, -24.1176, -3.4785, 3.28027, -0.070834
2.56228, 1.43541, -24.5976, -2.44329, 2.99043, -0.07903
2.93325, 1.53346, -26.2063, -2.77166, 3.3939, 0.227641
2.5292, 1.50293, -24.2431, -2.73595, 3.06662, 0.242464
2.50818, 1.45708, -24.3818, -2.46746, 2.5824, -0.004859
3.14755, 1.77495, -26.992, -3.30422, 3.13497, 0.088928
3.04189, 1.76172, -26.9184, -3.38584, 3.6745, 0.340302
2.63723, 1.46196, -24.0843, -2.60577, 3.41601, -0.016276
3.00765, 1.79822, -25.8718, -3.80312, 3.59375, -0.119329
3.00084, 2.00315, -25.8261, -4.3292, 3.68924, -0.100646
2.65278, 1.7731, -24.4818, -3.64589, 3.59044, -0.070874
2.75424, 1.78637, -24.3072, -3.16879, 3.38026, 8.6e-05
3.05301, 1.72983, -26.5627, -2.83742, 3.86961, 0.068511
2.8718, 1.53976, -24.9485, -2.58898, 4.07217, 0.220792
2.58262, 1.41701, -24.0173, -2.59744, 3.80133, -0.064815
2.68925, 1.63685, -24.3763, -3.23221, 3.19165, -0.148873
2.8577, 1.9222, -25.7062, -3.97121, 3.47389, -0.071441
2.57173, 1.72658, -23.8048, -3.61372, 3.51533, -0.078324
2.5943, 1.61195, -24.0521, -3.18953, 3.34368, -0.159706
2.94999, 1.81834, -26.1657, -3.87396, 3.88643, -0.086614
2.85776, 1.86331, -25.7234, -3.68448, 4.4646, 0.064268
2.31827, 1.37928, -22.7755, -2.54873, 3.59142, -0.059005
2.45518, 1.31886, -24.2708, -2.43695, 3.58451, -0.050728
2.68887, 1.65721, -25.8128, -3.19856, 4.07502, 0.205182
2.31352, 1.35721, -24.355, -2.32626, 3.57041, 0.023967
2.30884, 1.20794, -24.463, -2.29547, 3.47416, -0.073371
2.53495, 1.5441, -26.1086, -3.38402, 3.69266, -0.08258
2.20085, 1.58266, -24.7943, -3.31665, 3.28024, -0.08651
2.14976, 1.46348, -24.3075, -3.0374, 2.82558, -0.120252
2.42673, 1.57204, -26.0249, -3.43362, 3.00988, -0.081962
2.28958, 1.61393, -25.2897, -3.42542, 2.86106, -0.085776
2.23864, 1.48933, -24.8542, -2.78911, 2.49217, -0.130027
2.48136, 1.46244, -25.6942, -2.8261, 2.65643, -0.021887
2.55281, 1.6837, -26.5352, -3.60518, 3.02333, 0.030447
2.75024, 1.85086, -27.9566, -3.87311, 3.60233, -0.090542
2.74187, 1.61011, -26.8783, -3.0299, 3.08407, -0.169605
2.54946, 1.57855, -26.5679, -3.33303, 2.9348, -0.058755
2.71522, 1.87786, -26.778, -4.00952, 3.75085, 0.150064
2.54634, 1.59801, -25.0985, -2.92338, 3.72107, -0.077312
2.3689, 1.27477, -24.7664, -2.48456, 2.92519, -0.28994
2.61165, 1.58887, -25.1839, -3.39131, 3.32361, -0.063375
2.32356, 1.40917, -23.8916, -2.29397, 3.39587, 0.030009
2.3839, 1.0908, -24.6093, -1.67056, 2.96452, -0.021331
2.95776, 1.31415, -27.8854, -2.58421, 3.33536, -0.015184
2.85253, 1.68014, -27.9034, -3.36827, 3.25518, 0.079422
2.56415, 1.61524, -25.254, -3.15554, 2.62311, -0.046914
2.98412, 1.78377, -27.5431, -3.92936, 3.5114, -0.035107
3.01991, 1.7673, -26.3262, -3.92423, 4.06629, -0.128854
2.59951, 1.47622, -24.3997, -2.93265, 3.63355, -0.262148
2.7992, 1.7445, -26.1901, -3.55888, 3.22534, -0.05597
3.0054, 1.73072, -26.9857, -3.35143, 3.83429, 0.214901
2.70358, 1.2973, -25.6207, -2.14282, 3.69135, -0.019053
3.05673, 1.47678, -27.6638, -2.79717, 3.77337, -0.073501
3.21578, 1.87915, -28.9534, -4.21901, 4.38961, -0.099395
2.68067, 1.81942, -26.3324, -3.78798, 4.13433, -0.101932
2.59453, 1.41581, -24.5839, -2.41651, 3.67583, -0.138552
2.82648, 1.36488, -26.7747, -2.52671, 4.09827, -0.088346
2.76999, 1.60287, -27.2348, -3.36787, 4.36684, 0.051613
2.41817, 1.49492, -24.8715, -2.84415, 3.78701, -0.057402
2.39103, 1.26817, -25.6801, -2.40739, 3.32172, -0.259277
2.64891, 1.47845, -26.2139, -3.32469, 3.06917, -0.159341
2.55721, 1.88295, -27.0632, -4.08066, 3.12033, -0.042505
2.62354, 1.68231, -26.909, -3.1326, 3.01281, 0.076206
2.85783, 1.48391, -27.386, -2.91236, 3.30737, -0.027487
2.75978, 1.57655, -26.9029, -3.54996, 3.73294, -0.065455
2.74328, 1.74076, -26.983, -3.63695, 4.19836, -0.057845
2.63878, 1.52942, -26.2573, -3.08791, 4.03631, -0.1679
2.58609, 1.46634, -27.0661, -3.21443, 3.93014, -0.237546
2.85751, 1.58468, -29.0267, -2.93002, 4.22222, -0.022452
2.56197, 1.41147, -26.9135, -2.28432, 3.57468, 0.156002
2.11374, 1.18235, -23.925, -2.11485, 2.67874, 0.003465
2.60431, 1.37503, -27.1367, -2.74239, 3.01615, -0.056549
2.97846, 1.6207, -29.0764, -2.96152, 3.53257, -0.017405
2.55642, 1.48824, -26.9869, -2.68546, 3.08454, 0.077219
2.64024, 1.45326, -26.985, -3.10622, 3.13922, 0.147105
2.76732, 1.60945, -26.8592, -3.56687, 3.32763, -0.1073
2.66887, 1.58786, -27.1032, -3.36379, 3.12438, -0.27043
3.02238, 1.73963, -28.0865, -3.97831, 3.60768, -0.104519
2.8607, 1.79033, -27.2973, -4.04894, 3.92966, 0.002654
2.4973, 1.43423, -25.8202, -2.45299, 2.97814, -0.025459
3.03177, 1.34856, -27.1511, -2.33991, 3.19299, 0.015162
2.98254, 1.48756, -27.4037, -2.88462, 3.53879, 0.44644
2.69714, 1.37631, -26.4647, -2.40412, 3.29041, 0.246223
3.33838, 1.46483, -29.0449, -2.417, 4.01946, 0.003316
3.28749, 1.47641, -28.397, -3.11318, 4.67923, -0.033127
2.49074, 1.40675, -24.9407, -3.27009, 3.62934, -0.126574
2.80073, 1.62121, -26.1358, -3.62237, 3.75222, -0.119104
2.94128, 1.65088, -26.6371, -3.74904, 4.07317, -0.140704
2.60523, 1.57169, -26.3905, -3.62354, 3.82996, -0.19428
2.87946, 1.45523, -26.6002, -2.75838, 3.24318, -0.115252
2.97844, 1.40805, -27.5316, -2.4334, 3.42503, 0.048721
2.76754, 1.48776, -26.75, -3.03842, 3.30695, 0.317181
3.07603, 1.54009, -28.0299, -3.23809, 3.4583, -0.084016
3.35475, 1.50101, -29.2298, -3.08609, 3.76851, -0.227552
3.08818, 1.63348, -27.4394, -3.7763, 3.59172, -0.026077
2.73713, 1.65505, -25.6978, -3.90526, 3.51564, 0.122528
2.73181, 1.4784, -25.2511, -3.13287, 3.58815, -0.207418
3.1351, 1.31759, -27.3333, -2.41796, 3.95124, -0.210938
3.01332, 1.30834, -26.8709, -2.44417, 4.03595, 0.009827
2.76649, 1.31335, -26.9155, -2.30939, 3.50985, 0.2507
3.24262, 1.43183, -28.381, -2.37128, 3.53117, 0.095225
3.19526, 1.31495, -27.5544, -2.32839, 3.35404, 0.011123
2.90246, 1.50094, -26.8912, -3.16874, 2.82511, 0.057056
3.48297, 1.80181, -28.8674, -3.6644, 3.47125, 0.002726
3.45856, 1.68219, -28.0968, -3.51517, 4.13271, -0.108458
3.09031, 1.41528, -26.625, -3.30025, 3.8875, -0.16264
3.47337, 1.631, -28.0769, -3.92518, 4.24327, -0.138137
3.18786, 1.71039, -26.7745, -3.8921, 4.2868, -0.167582
2.70833, 1.51638, -24.3285, -3.52027, 3.18347, -0.316636
3.26318, 1.60612, -26.7459, -3.68246, 3.59656, -0.155698
3.38114, 1.70846, -27.7907, -3.29927, 4.44194, -0.035913
2.84722, 1.48813, -24.9079, -2.36863, 3.48859, 0.061569
3.17681, 1.38468, -26.2601, -2.16466, 3.82393, 0.273682
3.31683, 1.49419, -27.0143, -2.63106, 4.23564, 0.361032
3.13759, 1.61797, -26.7065, -3.12557, 4.4513, 0.019581
