Fx [N], Fy [N], Fz [N], Mx [Nm], My [Nm], Mz [Nm]
1.07317, 0.341066, -2.6626, -0.735009, -0.108499, -0.162878
1.07777, 0.359447, -2.71489, -0.737853, -0.104331, -0.15584
1.06168, 0.395332, -2.80387, -0.770546, -0.118143, -0.163796
1.03026, 0.435947, -2.82016, -0.784213, -0.137132, -0.167117
1.032, 0.442556, -2.84635, -0.815488, -0.128739, -0.160867
1.03774, 0.431531, -2.88046, -0.811929, -0.136161, -0.158425
1.04405, 0.4435, -2.92289, -0.83624, -0.127403, -0.157172
1.02715, 0.482445, -2.96099, -0.86043, -0.142604, -0.142851
1.01699, 0.5026, -3.02356, -0.873353, -0.132629, -0.144307
1.02073, 0.489822, -3.13597, -0.873033, -0.166091, -0.134368
1.00047, 0.543629, -3.33151, -0.908597, -0.194802, -0.13415
1.10206, 0.810708, -4.0649, -1.09181, -0.120414, -0.145857
1.51531, 1.28283, -5.98899, -1.36638, -0.010906, -0.269372
2.01692, 1.20516, -9.5741, -0.931069, -0.842683, -0.410993
2.19016, 1.31962, -14.2147, -0.436814, -2.24008, -0.204678
2.91834, 2.68533, -18.0864, -1.04821, -1.92315, 0.423873
2.63699, 3.60824, -17.9194, -1.50445, -2.65562, 0.752331
1.30069, 4.49916, -16.9338, -2.04245, -4.02349, 0.53536
0.584116, 4.88371, -15.8414, -2.31496, -4.5945, 0.319789
0.36269, 4.44646, -15.4774, -2.02009, -4.62292, 0.229699
0.180474, 4.2855, -17.0463, -1.84379, -4.00648, 0.16522
-0.357799, 3.99447, -17.7605, -1.48733, -4.03743, -0.079454
0.134287, 4.06154, -18.1807, -1.27641, -3.34159, -0.392254
0.499007, 4.02783, -19.1621, -1.06232, -2.62308, -0.634215
0.243279, 4.01722, -18.7862, -1.07537, -2.21033, -0.832658
-0.112357, 4.33261, -17.8863, -1.39862, -2.06386, -1.00974
-0.107472, 4.53086, -18.4873, -1.51728, -1.92204, -1.07324
-0.265592, 4.77831, -19.6353, -1.70787, -1.78862, -0.942513
-1.07066, 5.07266, -20.5265, -2.08553, -1.92121, -0.822233
-2.05134, 5.17551, -21.1126, -2.20786, -2.63308, -0.712433
-2.33188, 5.50241, -21.4852, -2.4626, -3.19292, -0.603736
-2.65071, 6.04586, -22.303, -2.8638, -3.38767, -0.42463
-3.46976, 6.26498, -22.2087, -3.04414, -3.77783, -0.24569
-3.98009, 6.64204, -23.1696, -3.16407, -4.12052, -0.179121
-4.11222, 7.10564, -23.8981, -3.27661, -4.48276, -0.358007
-4.55291, 7.28761, -23.1845, -3.21555, -5.02337, -0.557997
-4.96949, 7.13407, -23.1619, -2.95345, -4.94208, -0.571187
-5.3075, 7.05706, -24.0275, -2.7878, -5.23416, -0.587542
-5.45498, 7.00007, -24.0894, -2.64349, -5.79965, -0.657365
-5.95901, 6.92978, -23.2343, -2.69671, -6.18397, -0.773698
-6.12713, 6.82954, -23.3935, -2.85354, -5.98265, -0.779752
-6.35204, 6.83251, -23.5775, -2.95007, -6.48919, -0.691918
-6.83864, 6.40406, -23.3099, -2.61953, -7.33768, -0.865959
-7.57227, 6.37075, -23.2537, -2.57935, -7.74386, -1.00544
-7.63257, 6.56812, -22.771, -2.7167, -7.67586, -0.886582
-7.69707, 6.20292, -22.3546, -2.40223, -8.00635, -0.965706
-7.93776, 5.87115, -22.2819, -2.17148, -8.33767, -1.2772
-8.17608, 5.8663, -22.3009, -2.23849, -8.43064, -1.25868
-7.98556, 5.91242, -22.3164, -2.3304, -8.05876, -1.15804
-7.69681, 5.64373, -22.4459, -2.11106, -7.74991, -1.30112
-7.68828, 5.90084, -22.3421, -2.38335, -7.80621, -1.16253
-7.73788, 5.90012, -22.16, -2.3356, -7.91518, -0.974276
-7.74541, 5.84553, -21.6412, -2.28717, -7.73989, -1.00986
-7.861, 5.90346, -21.4178, -2.40304, -7.58612, -0.817504
-7.7408, 5.67576, -21.6192, -2.32967, -7.45077, -0.76394
-7.71028, 5.37919, -21.9377, -2.03712, -7.47886, -0.883392
-7.87534, 5.54105, -21.9106, -2.0904, -7.5023, -0.909841
-7.91867, 5.6973, -21.7701, -2.19621, -7.3663, -0.878671
-7.7631, 5.61167, -21.8316, -2.06684, -7.20504, -0.931912
-7.79237, 5.60427, -21.8448, -2.04398, -7.01293, -0.975148
-7.89999, 5.8656, -21.559, -2.18093, -6.76211, -0.820336
-7.9244, 5.58774, -21.2398, -1.81436, -6.95211, -0.89974
-7.92929, 5.15185, -21.0406, -1.31918, -7.34058, -1.09215
-8.12233, 5.3141, -20.8646, -1.48801, -7.54775, -1.12232
-8.31724, 5.10823, -20.915, -1.41986, -7.58906, -1.0305
-8.45961, 5.0613, -20.5623, -1.41151, -7.76253, -0.971686
-8.55374, 5.13623, -20.3397, -1.45398, -7.86605, -0.91929
-8.63345, 4.87922, -20.1047, -1.20363, -7.96616, -0.962005
-8.7502, 4.87714, -20.3877, -1.11846, -7.92113, -1.03556
-8.69901, 4.86064, -20.4135, -1.06859, -7.77389, -1.01368
-8.56783, 4.83723, -20.384, -1.06389, -7.63505, -1.02579
-8.53048, 4.77985, -20.467, -1.03599, -7.65726, -1.13922
-8.61325, 4.74148, -20.6504, -1.05191, -7.77804, -1.08556
-8.54606, 4.67144, -20.6915, -1.11086, -7.65224, -0.937962
-8.60348, 4.55658, -20.8538, -1.08887, -7.7131, -0.858936
-8.56287, 4.56196, -20.9374, -1.09927, -7.665, -0.805546
-8.44851, 4.53311, -20.985, -1.02797, -7.46737, -0.850663
-8.42634, 4.31439, -21.3855, -0.786659, -7.29962, -0.823584
-8.4884, 4.21065, -21.7883, -0.587728, -7.25567, -0.803317
-8.34762, 4.18849, -21.7296, -0.459173, -7.20086, -0.878365
-8.21788, 4.14007, -21.7435, -0.377269, -7.12211, -0.869889
-8.26205, 4.22195, -22.0831, -0.476474, -7.18902, -0.73618
-8.62576, 4.26548, -22.6508, -0.477902, -7.58123, -0.629514
-8.73694, 4.22875, -22.4597, -0.379328, -7.80861, -0.77117
-8.73153, 4.21826, -22.1394, -0.368127, -7.90154, -0.857263
-8.82193, 4.14928, -21.9752, -0.30855, -8.019, -0.853023
-8.95049, 4.01161, -22.0293, -0.122947, -7.97618, -0.909016
-9.05683, 3.90108, -21.908, -0.009686, -8.04233, -1.02896
-9.11182, 4.05031, -22.0422, -0.094055, -8.07103, -1.05508
-9.13585, 4.09929, -22.0973, -0.122309, -8.03299, -1.07102
-9.11324, 3.99805, -21.9064, -0.075636, -8.03171, -1.2822
-9.22958, 4.0156, -22.219, -0.120894, -8.1017, -1.31227
-9.28062, 3.95807, -22.5194, -0.099134, -8.11903, -1.1836
-9.3546, 4.07875, -22.4444, -0.205213, -8.12068, -1.12955
-9.45436, 4.15114, -22.4832, -0.290377, -8.09311, -1.13983
-9.43008, 4.04525, -22.7695, -0.237404, -8.01761, -1.09115
-9.25152, 4.0519, -22.8393, -0.206389, -7.86497, -1.11734
-9.32109, 4.1211, -22.8294, -0.186746, -8.01958, -1.21845
-9.3821, 4.10702, -23.3493, -0.075372, -7.96887, -1.17862
-9.40828, 3.99901, -23.6149, 0.01039, -8.03246, -1.12927
-9.60473, 4.09567, -23.5395, -0.139442, -8.11911, -0.995517
-9.73911, 4.27036, -23.7465, -0.212974, -8.00441, -0.859245
-9.82873, 4.46753, -23.725, -0.307128, -8.25735, -0.776852
-9.96198, 4.66726, -23.8863, -0.440003, -8.4985, -0.675699
-10.3763, 4.40418, -23.9116, -0.252101, -8.85282, -0.710469
-10.5508, 4.32012, -23.5299, -0.139215, -9.05089, -0.81572
-10.6497, 4.18039, -24.4449, 0.129496, -9.00825, -1.0206
-10.7492, 3.93058, -25.1469, 0.382472, -8.93671, -1.00589
-10.711, 4.02479, -24.813, 0.310594, -8.75644, -0.968956
-10.7447, 4.20642, -24.8982, 0.225385, -8.70054, -0.866446
-10.7465, 3.90029, -24.9446, 0.597164, -9.01507, -1.00669
-10.4643, 3.92563, -24.9212, 0.663502, -8.61748, -1.15285
-10.2611, 4.09975, -25.6318, 0.471721, -7.8819, -0.923699
-10.4748, 4.11973, -26.4473, 0.416571, -7.96188, -0.867063
-10.5863, 4.07558, -26.3268, 0.566544, -8.15672, -0.935912
-10.5619, 3.77345, -26.4242, 0.935198, -7.97272, -1.06782
-10.4989, 3.64831, -26.3944, 1.24827, -7.90471, -1.14535
-10.5715, 3.6873, -26.3883, 1.42322, -7.92259, -1.17376
-10.8707, 3.58352, -26.7828, 1.58025, -8.04634, -1.17741
-10.8202, 3.50922, -26.1402, 1.67178, -8.37319, -1.11937
-10.6457, 3.68851, -25.518, 1.49443, -8.36323, -0.94344
-10.9345, 3.43374, -26.5821, 1.80423, -8.13326, -0.853511
-11.0083, 3.24625, -27.1593, 2.10224, -8.13135, -1.09285
-10.8144, 3.34058, -26.118, 2.02774, -8.35394, -1.20386
-10.9486, 3.36746, -26.2605, 2.05006, -8.3523, -1.11503
-11.2344, 3.09623, -26.5989, 2.30217, -8.5421, -1.17657
-10.8009, 3.40791, -26.1176, 1.90915, -7.98579, -1.04203
-11.1719, 2.84439, -26.4529, 2.19997, -8.27894, -0.798937
-11.8012, 2.31495, -26.5096, 2.63733, -9.2876, -1.045
-11.5181, 2.57961, -25.5787, 2.50206, -9.18788, -1.23648
-11.0988, 2.75273, -25.7543, 2.33007, -8.47615, -1.26519
-11.1747, 2.40141, -26.2495, 2.53823, -8.40626, -1.19685
-10.9242, 2.36152, -26.2808, 2.53744, -8.11193, -1.28434
-10.7116, 2.50806, -26.1165, 2.39694, -7.91861, -1.31456
-10.8822, 2.61149, -26.3018, 2.42509, -8.06502, -1.33149
-10.9642, 2.42525, -26.6853, 2.53205, -8.09458, -1.44028
-10.9495, 2.50444, -26.0267, 2.22273, -8.29297, -1.28971
-10.951, 2.71479, -25.9293, 1.95401, -8.16745, -0.828642
-11.128, 2.44358, -26.7329, 2.2681, -7.99152, -0.864635
-11.2341, 2.488, -27.2079, 2.29682, -8.04917, -1.04429
-11.2792, 2.4322, -27.5833, 2.22517, -8.09372, -0.837265
-11.2649, 2.48241, -27.7335, 2.25371, -7.77185, -0.690774
-11.2841, 2.48076, -27.7174, 2.47796, -7.74465, -0.89836
-11.3146, 2.40957, -27.2461, 2.62369, -8.26062, -0.964771
-11.4214, 2.45421, -26.9154, 2.60846, -8.52103, -0.793462
-11.5777, 2.32676, -27.549, 2.78991, -8.33447, -0.826626
-11.7964, 2.41872, -28.3221, 2.77005, -8.27505, -0.658506
-12.0669, 2.20456, -28.095, 3.06142, -8.69027, -0.741582
-12.1391, 2.08451, -27.5174, 3.21521, -8.99985, -0.910234
-11.7562, 2.67138, -26.8699, 2.7874, -8.6531, -0.779216
-12.0252, 2.46629, -27.589, 2.95126, -8.6632, -0.724696
-12.1891, 2.26724, -27.5545, 3.16095, -8.89055, -0.905172
-11.9978, 2.40944, -26.9437, 3.01764, -8.83883, -0.87837
-11.9948, 2.3949, -27.6042, 3.06223, -8.56506, -0.874511
-12.1281, 2.34189, -28.4606, 3.20938, -8.43261, -1.03476
-12.2459, 2.37228, -28.1027, 3.082, -8.79551, -1.0676
-12.1631, 2.45573, -26.507, 2.86797, -9.1272, -0.808965
-12.0679, 2.64002, -26.6929, 2.79313, -8.61678, -0.914835
-12.3087, 2.21517, -27.8043, 3.18569, -8.59793, -1.08772
-11.9192, 2.09904, -28.0244, 3.24778, -8.41417, -1.25805
-11.5701, 2.31812, -27.7915, 3.02127, -7.86113, -1.03857
-12.0059, 2.2208, -28.6442, 3.27519, -7.7462, -1.02395
-12.2552, 2.21226, -29.1091, 3.41392, -8.01657, -1.25805
-12.0346, 2.03757, -28.9288, 3.41566, -8.2302, -1.14693
-11.874, 2.56303, -27.5987, 2.96311, -8.21633, -0.72789
-12.3344, 2.40957, -27.2668, 3.31635, -8.46533, -0.811846
-12.1153, 2.23807, -27.5316, 3.47017, -8.1384, -1.12022
-11.5829, 2.55194, -26.7429, 3.03824, -7.87153, -0.928839
-11.5366, 2.23512, -27.3831, 3.25392, -7.55771, -0.911264
-11.7415, 2.1741, -27.7958, 3.54974, -7.33992, -1.06391
-11.2988, 2.4568, -27.1668, 3.2108, -7.21756, -1.02656
-11.3573, 2.33103, -26.0274, 2.91105, -8.02003, -0.730156
-11.9252, 1.851, -26.7535, 3.22793, -8.21451, -0.668511
-11.5166, 1.97609, -27.5572, 3.1853, -7.41143, -0.890598
-10.8235, 2.73333, -27.0981, 2.5462, -7.06382, -0.703234
-11.3953, 2.4637, -27.9955, 2.77171, -7.5173, -0.615662
-11.8069, 1.86998, -27.8412, 3.46202, -7.83931, -1.02634
-11.1692, 2.0129, -25.9484, 3.38513, -7.66331, -1.30615
-11.0181, 2.36423, -25.8855, 3.05036, -7.43924, -1.0469
-11.7493, 2.156, -26.9511, 3.30206, -7.76147, -0.921772
-11.2985, 1.92271, -26.5786, 3.40716, -7.56318, -1.2515
-10.8208, 2.0821, -25.3752, 3.13021, -7.48535, -0.966821
-11.4139, 1.93038, -26.4622, 3.32632, -7.67287, -0.852429
-11.8414, 1.91441, -26.5465, 3.46395, -8.10501, -1.11978
-11.3676, 2.05113, -25.3703, 3.21483, -8.04956, -1.05537
-11.4323, 2.16876, -25.3851, 2.94206, -8.1335, -0.694835
-11.3608, 2.21109, -26.9848, 3.05609, -7.39258, -0.694407
-10.9426, 2.35154, -27.1843, 2.9275, -6.91363, -0.822807
-10.9035, 2.07083, -27.2509, 3.04236, -7.10189, -0.739306
-11.3082, 1.67705, -27.4594, 3.5123, -7.41219, -0.924061
-11.2699, 1.80872, -27.6462, 3.68627, -7.09299, -1.30508
-10.6647, 2.16063, -26.851, 3.42347, -6.73502, -1.26843
-11.2209, 2.05632, -27.6271, 3.39427, -7.15176, -0.915882
-11.6554, 1.51811, -27.7785, 3.82547, -7.50001, -1.09604
-11.2918, 1.77232, -26.612, 3.54748, -7.51, -1.17781
-11.3157, 2.44657, -25.9645, 2.97731, -7.69007, -0.667604
-12.2283, 1.82418, -27.6563, 3.49465, -8.22463, -0.708781
-12.1953, 1.42565, -27.5214, 3.77046, -8.42264, -1.00687
-11.5557, 1.77174, -26.242, 3.40155, -8.04099, -0.902788
-11.4429, 2.28797, -26.3201, 3.18674, -7.34363, -0.861088
-11.7956, 2.05471, -26.6106, 3.50073, -7.53734, -1.12298
-11.6598, 1.77002, -27.3732, 3.55393, -7.46413, -1.14752
-11.6015, 1.61055, -26.5749, 3.49478, -7.67427, -0.876583
-11.462, 1.90572, -26.8485, 3.40544, -6.97348, -0.984293
-11.256, 2.10853, -27.2409, 3.33939, -6.64189, -1.13331
-11.4369, 2.09378, -26.1873, 3.19356, -7.6282, -0.835473
-12.3259, 1.51467, -26.3425, 3.64223, -8.41834, -0.680316
-12.6185, 1.17993, -28.4677, 4.10156, -7.89088, -0.955317
-11.8338, 1.66861, -28.1992, 3.7548, -7.6147, -1.08218
-11.7225, 2.08433, -26.7254, 3.33312, -8.03831, -0.861902
-12.5434, 1.95566, -27.0185, 3.5202, -8.3981, -0.841597
-12.4245, 1.90192, -27.6141, 3.53217, -8.31112, -0.986467
-11.7409, 2.08372, -28.1041, 3.25987, -7.9705, -0.832096
-12.3784, 1.95431, -28.7487, 3.47157, -8.11039, -0.740128
-13.0978, 1.80984, -27.2417, 3.74374, -8.98383, -1.0881
-12.5577, 1.96977, -26.6259, 3.64897, -8.68075, -1.21921
-12.4481, 1.84954, -27.9526, 3.68349, -8.28386, -1.0336
-12.8902, 1.58022, -27.7159, 3.90909, -8.46196, -1.05621
-12.881, 1.6966, -27.2542, 3.74131, -8.37083, -1.14318
-12.6873, 1.97137, -27.1173, 3.42479, -8.56706, -1.02827
-12.7512, 1.82801, -28.3181, 3.62362, -8.40333, -1.20936
-12.8069, 1.80079, -28.5084, 3.58959, -8.0846, -1.23612
-12.7068, 2.03592, -27.5645, 3.22704, -8.29559, -0.97961
-12.9217, 2.17458, -27.8605, 3.18878, -8.4907, -0.990936
-13.1012, 2.02766, -29.147, 3.5549, -8.20508, -1.33658
-12.6048, 2.18855, -28.1503, 3.35277, -8.08912, -1.45009
-12.5237, 2.39344, -27.7662, 3.00989, -8.12385, -1.11257
-13.2679, 2.03801, -28.9184, 3.46324, -8.43609, -1.22409
-13.346, 1.96081, -28.6461, 3.58222, -8.71836, -1.52115
-12.9942, 2.30465, -27.6947, 3.13725, -8.66817, -1.20333
-13.1209, 2.56646, -28.0511, 2.92684, -8.36905, -0.94903
-13.7473, 2.50162, -27.7589, 3.22055, -9.01084, -1.2027
-13.6932, 2.38415, -27.888, 3.42483, -8.92858, -1.51266
-13.165, 2.29688, -27.7999, 3.37574, -8.21283, -1.51005
-13.0088, 2.60509, -28.0093, 3.12267, -7.67866, -1.44163
-13.8493, 2.5293, -28.5149, 3.42416, -8.52844, -1.59197
-13.5833, 2.68435, -28.1847, 3.42549, -8.52449, -1.78344
-13.1435, 2.78374, -27.7709, 3.14023, -8.19035, -1.59697
-13.9904, 2.52534, -28.1158, 3.30878, -8.95024, -1.4321
-14.6773, 2.60685, -28.0592, 3.42051, -9.76978, -1.56666
-14.4681, 2.82588, -28.127, 3.26196, -9.65572, -1.52445
-13.9704, 2.91049, -28.4181, 3.09025, -8.91455, -1.33528
-14.465, 2.52425, -28.7947, 3.47755, -9.19232, -1.46967
-14.6499, 2.47527, -27.8105, 3.64018, -9.92573, -1.75972
-14.1112, 2.81574, -28.3498, 3.32173, -9.29103, -1.60654
-14.1559, 2.47203, -29.1412, 3.44275, -9.00896, -1.51831
-14.382, 2.43604, -27.6873, 3.4911, -9.26536, -1.6476
-14.2332, 2.91068, -27.1488, 3.15246, -9.04266, -1.60093
-13.8778, 2.68033, -28.6856, 3.25701, -8.6644, -1.61805
-13.2342, 2.90284, -28.9563, 3.07523, -7.96008, -1.62965
-13.5127, 2.82016, -28.2745, 3.03295, -8.14703, -1.6278
-13.9644, 2.6151, -27.8208, 3.16829, -8.91522, -1.60041
-13.3975, 2.80303, -28.8138, 2.96637, -8.43353, -1.61794
-13.1384, 2.93979, -28.8649, 2.67259, -8.2709, -1.44839
-13.5981, 2.91603, -28.2013, 2.53913, -8.80009, -1.30322
-13.8151, 2.7461, -27.5593, 2.66017, -9.47064, -1.4393
-13.4959, 2.94442, -27.3385, 2.57005, -9.61924, -1.6393
-13.3911, 2.94017, -27.3126, 2.50931, -9.47489, -1.70217
-13.2088, 2.86023, -27.8367, 2.47308, -8.78971, -1.58651
-12.9471, 2.83935, -28.347, 2.48723, -8.3885, -1.57074
-13.1829, 2.85279, -27.9804, 2.48626, -9.10104, -1.55467
-13.5272, 2.85139, -27.4591, 2.52158, -9.69228, -1.48018
-13.2969, 2.91904, -28.3859, 2.40272, -9.05042, -1.40574
-12.9557, 3.06835, -28.4593, 2.15561, -8.84455, -1.14843
-13.1808, 3.06842, -27.942, 2.20547, -9.30109, -1.30501
-13.4426, 2.90487, -28.0707, 2.48395, -9.29569, -1.49194
-12.9151, 2.97141, -28.3601, 2.51946, -8.77551, -1.61732
-12.4436, 3.06145, -28.0134, 2.37717, -8.44154, -1.55997
-12.9079, 2.91197, -28.1981, 2.61235, -8.72166, -1.59608
-12.7471, 2.938, -28.8639, 2.63391, -8.3752, -1.78344
-11.9084, 3.28499, -28.3563, 2.28189, -7.89542, -1.68262
-12.192, 3.37985, -27.9479, 2.2012, -8.32038, -1.47148
-13.1777, 2.78944, -29.7893, 2.84833, -8.8872, -1.733
-12.6086, 2.85045, -29.5993, 2.87093, -8.69333, -1.95074
-11.7978, 3.4535, -28.0803, 2.28612, -8.2299, -1.56778
-12.4096, 3.74782, -28.2497, 2.06556, -8.5252, -1.15936
-12.6317, 3.53053, -29.3511, 2.28023, -8.70233, -1.28126
-11.9688, 3.38493, -29.785, 2.17607, -8.3891, -1.14795
-11.3672, 3.49642, -29.2835, 1.99208, -7.70995, -0.965486
-12.183, 3.33488, -29.1682, 2.36031, -8.29843, -1.25856
-11.8105, 3.71474, -29.0381, 2.16353, -8.15922, -1.47539
-11.0095, 3.86641, -29.2628, 1.8938, -7.57978, -1.3145
-10.8786, 3.63404, -28.8452, 2.00032, -7.30521, -1.21954
-11.2291, 3.61828, -29.2432, 2.28634, -7.32182, -1.45349
-10.6972, 3.89567, -29.2476, 2.0821, -7.3536, -1.48883
-9.86195, 4.24878, -29.4857, 1.62437, -6.7284, -1.22694
-10.5475, 4.028, -28.8132, 1.74099, -7.24154, -1.06288
-11.0199, 3.58394, -28.2562, 2.11472, -7.83782, -1.25334
-10.0923, 3.69372, -28.3204, 1.94592, -7.40513, -1.39037
-9.8022, 3.81807, -28.273, 1.77804, -7.26312, -1.24596
-10.3521, 3.82475, -28.2625, 1.79936, -7.1818, -1.2089
-10.4149, 3.93029, -28.4255, 1.7378, -7.07216, -1.26201
-9.96211, 3.67657, -27.994, 1.9564, -7.43801, -1.3688
-10.0385, 3.7722, -27.5225, 1.98513, -7.73847, -1.53651
-10.0876, 3.91228, -28.7213, 1.88136, -6.91914, -1.48214
-10.2419, 3.76202, -28.9923, 1.96718, -7.29749, -1.36725
-10.474, 3.97799, -28.132, 1.75563, -8.07038, -1.1797
-10.6184, 4.1363, -28.4291, 1.71322, -7.98268, -1.11776
-10.8174, 4.01137, -27.9895, 2.01058, -8.54109, -1.47688
-10.4329, 4.20295, -27.538, 1.97326, -8.14982, -1.59127
-10.5092, 4.14756, -28.1208, 2.12258, -7.93068, -1.57768
-10.5784, 4.02953, -29.4184, 2.29064, -7.43131, -1.64623
-10.0726, 4.29101, -29.1882, 2.09477, -6.86432, -1.51943
-10.5475, 4.2631, -28.0792, 2.23948, -7.83746, -1.60185
-11.1323, 4.12938, -28.4319, 2.4036, -8.31691, -1.68742
-10.8672, 4.22392, -28.3833, 2.24075, -7.91187, -1.65865
-10.1379, 4.64337, -27.8898, 1.83427, -7.04065, -1.52262
-10.8949, 4.21369, -28.5115, 2.34436, -7.75919, -1.72518
-11.1028, 3.70234, -29.8925, 2.9108, -7.77145, -2.10796
-10.7791, 3.88261, -28.9269, 2.57093, -7.70024, -2.0897
-10.5641, 4.53304, -28.0601, 1.96301, -7.24061, -1.84844
-10.921, 4.75021, -29.6647, 2.11206, -7.13153, -2.043
-10.7443, 4.44409, -30.2177, 2.34375, -7.23571, -2.09266
-10.442, 4.38354, -29.5908, 2.10578, -7.02928, -1.8962
-10.8819, 4.71304, -29.4685, 1.95369, -7.04621, -1.80258
-11.266, 4.91413, -29.796, 2.07954, -7.54118, -1.92648
-10.9118, 4.95645, -28.8717, 1.93277, -7.70126, -1.9368
-10.7376, 4.65485, -29.1708, 1.90502, -6.91183, -1.79079
-11.5625, 4.19129, -28.8051, 2.32498, -7.92504, -1.97707
-11.0878, 4.45827, -28.837, 2.32397, -7.77899, -2.18363
-10.1109, 4.83716, -29.6162, 1.86201, -6.18791, -1.98283
-10.6507, 4.23827, -29.445, 2.14021, -6.71986, -1.90115
-11.2595, 3.8876, -29.1234, 2.45333, -7.63354, -2.00938
-10.6018, 4.37038, -28.9874, 2.17966, -7.09872, -1.95949
-10.0813, 4.93363, -28.8409, 1.72325, -6.53328, -1.78483
-11.0049, 4.24229, -29.1278, 2.27615, -7.58036, -1.97746
-11.4333, 3.40681, -29.7221, 2.96329, -8.10467, -2.34981
-11.0824, 3.47683, -28.6898, 2.85783, -8.22008, -2.30458
-10.3448, 4.35917, -28.371, 2.06745, -7.10933, -1.98509
-10.3447, 4.22477, -29.997, 2.28189, -6.51519, -1.97205
-10.7652, 3.80509, -29.0434, 2.58071, -7.76293, -2.18077
-10.7481, 3.61158, -27.6603, 2.66996, -8.23455, -2.09307
-10.5006, 4.19421, -29.1754, 2.36987, -7.17215, -2.04868
-10.794, 4.35867, -29.8523, 2.29601, -7.33263, -1.9023
-10.4036, 4.4079, -28.9179, 2.18588, -7.28795, -1.89762
