Fx [N], Fy [N], Fz [N], Mx [Nm], My [Nm], Mz [Nm]
1.07223, -0.203829, -11.228, 0.39552, 0.944906, -0.076679
1.07661, -0.28205, -11.33, 0.432941, 0.878916, -0.072499
1.08097, -0.350169, -11.3369, 0.466284, 0.809291, -0.044418
1.08411, -0.413899, -11.4129, 0.506265, 0.79326, -0.045049
1.10109, -0.484879, -11.4826, 0.627082, 0.822048, -0.03832
1.11098, -0.546083, -11.4234, 0.808206, 0.934555, -0.03772
1.11666, -0.553838, -11.4487, 1.16863, 1.06757, -0.047289
1.11267, -0.544186, -11.5607, 1.41147, 1.06453, -0.053865
1.09417, -0.486551, -11.7899, 1.51978, 1.12453, -0.044049
1.07319, -0.389267, -12.0301, 1.5075, 1.15957, -0.052315
1.02146, -0.239129, -12.2366, 1.33855, 1.11805, -0.052984
0.975574, -0.079565, -12.4746, 1.08902, 1.04602, -0.098679
0.93236, 0.063588, -12.5848, 0.795131, 0.988172, -0.099035
0.875504, 0.183456, -12.9166, 0.526672, 0.894476, -0.11346
0.862695, 0.212633, -12.97, 0.263854, 0.85948, -0.118444
0.830941, 0.154774, -12.8766, 0.161425, 0.621939, -0.097227
0.863494, 0.036671, -12.6539, 0.309887, 0.629422, -0.085123
0.922955, -0.112033, -12.4834, 0.460817, 0.635868, -0.070874
0.973131, -0.265804, -12.3859, 0.536144, 0.623829, -0.073179
1.02417, -0.39929, -12.157, 0.653569, 0.591306, -0.051082
1.03576, -0.456812, -11.7449, 0.761338, 0.541046, -0.023847
1.07643, -0.476754, -11.6993, 1.20171, 0.599105, -0.030085
1.11104, -0.415918, -11.8266, 1.45211, 0.909035, -0.05141
1.12243, -0.265957, -12.0671, 1.3818, 1.10857, -0.036405
1.13255, -0.048401, -12.4115, 1.05974, 1.22058, -0.028996
1.07336, 0.214309, -12.6235, 0.617786, 1.19374, -0.026022
1.04662, 0.455906, -12.9611, 0.191589, 1.12389, -0.06889
1.0089, 0.66965, -13.441, -0.192907, 1.06388, -0.092992
0.975151, 0.866809, -14.0193, -0.560576, 0.97293, -0.111651
0.969932, 0.941654, -14.2621, -0.804405, 0.848594, -0.119958
0.980791, 0.869709, -14.2828, -1.04806, 0.839472, -0.118044
1.06, 0.679545, -14.1841, -0.805584, 0.968581, -0.087133
1.1138, 0.406357, -13.7588, -0.383986, 1.09028, -0.083198
1.13544, 0.134835, -12.9488, 0.021861, 1.07184, -0.083471
1.16987, -0.109034, -12.4679, 0.247393, 0.983085, -0.093258
1.19144, -0.278838, -12.2538, 0.359594, 0.8251, -0.123175
1.24306, -0.394053, -12.0398, 0.657481, 0.663967, -0.086713
1.30928, -0.433988, -12.1256, 1.04126, 0.719358, -0.023585
1.38035, -0.365055, -12.1037, 1.21656, 0.952532, -0.024368
1.46221, -0.251152, -12.2661, 1.18371, 1.19374, -0.028707
1.55733, -0.138798, -12.644, 1.05291, 1.36974, -0.020352
1.62393, -0.059495, -13.0889, 0.833544, 1.39516, -0.046116
1.69969, 0.012343, -13.5304, 0.516232, 1.36248, -0.085825
1.78188, -0.01591, -13.8239, 0.322679, 1.46965, -0.110692
1.84627, -0.058844, -13.9591, 0.244475, 1.58069, -0.103881
1.88728, -0.104541, -14.0295, 0.2301, 1.70782, -0.092357
1.91965, -0.139371, -14.072, 0.308542, 1.97011, -0.096761
1.91737, -0.204898, -13.8719, 0.70844, 2.27171, -0.120416
1.88863, -0.194966, -13.9094, 0.888464, 2.36962, -0.110133
1.85791, -0.154426, -14.0823, 0.950153, 2.44226, -0.100778
1.78398, -0.115634, -14.187, 0.916408, 2.44314, -0.097446
1.71397, -0.057787, -14.1533, 0.816301, 2.3892, -0.108906
1.6102, -0.010866, -14.0247, 0.700844, 2.28139, -0.11
1.53404, 0.013354, -14.0149, 0.62356, 2.1645, -0.123827
1.45033, 0.030691, -14.0587, 0.59583, 2.03209, -0.112804
1.38362, 0.029136, -14.0978, 0.693499, 1.8617, -0.099888
1.36436, 0.040149, -14.3722, 0.847646, 1.62631, -0.082298
1.36048, 0.107602, -14.6252, 0.753772, 1.52133, -0.031703
1.38966, 0.21193, -14.8819, 0.61695, 1.50723, -0.031429
1.45627, 0.348522, -15.0906, 0.400583, 1.56463, -0.016097
1.51172, 0.51102, -15.1205, 0.147053, 1.60685, -0.00722
1.55185, 0.687932, -15.0073, -0.080399, 1.60485, 0.00163
1.60139, 0.876878, -15.0471, -0.300401, 1.60038, 0.010562
1.67412, 1.08039, -15.1128, -0.486787, 1.58182, 0.034736
1.72555, 1.27308, -15.0192, -0.663582, 1.53581, 0.058309
1.78911, 1.43466, -14.8373, -0.825862, 1.51722, 0.066117
1.87393, 1.61011, -14.8293, -1.11319, 1.488, 0.066344
1.91797, 1.64755, -14.4421, -1.26105, 1.41807, 0.03911
1.96362, 1.63623, -14.218, -1.39152, 1.40542, 0.005195
2.06791, 1.61069, -14.154, -1.40063, 1.45961, -0.000376
2.12536, 1.57294, -13.9728, -1.34266, 1.50291, -0.004681
2.14718, 1.53628, -13.6322, -1.26884, 1.50946, -0.008616
2.15318, 1.49734, -13.3122, -1.19785, 1.54885, -0.026315
2.14893, 1.46906, -12.9958, -1.16034, 1.60204, -0.105373
2.16531, 1.45223, -12.9115, -1.14789, 1.92983, -0.096874
2.18577, 1.41964, -12.796, -1.11326, 2.2915, -0.048693
2.16345, 1.42728, -12.7694, -1.04431, 2.40454, 0.047488
2.14033, 1.44637, -12.7081, -0.983673, 2.41458, 0.078668
2.09229, 1.46523, -12.6498, -0.979592, 2.39845, 0.068812
2.0727, 1.52439, -12.7353, -1.08586, 2.32626, -0.03401
2.07335, 1.59985, -13.0124, -1.25646, 2.13869, -0.059303
2.07055, 1.61536, -13.1664, -1.4191, 1.83794, -0.094955
2.09517, 1.60395, -13.216, -1.4441, 1.68203, -0.070991
2.11212, 1.58289, -13.21, -1.29915, 1.56912, -0.016426
2.16777, 1.58235, -13.3064, -1.20089, 1.52719, -0.019199
2.21765, 1.58536, -13.3604, -1.11204, 1.51527, -0.0121
2.26657, 1.59413, -13.3603, -1.06374, 1.54671, -0.003659
2.3091, 1.60893, -13.3918, -1.21162, 1.64854, -0.021161
2.34638, 1.61199, -13.3335, -1.62124, 1.96081, -0.106512
2.37025, 1.5659, -13.2958, -1.87989, 2.33122, -0.152475
2.39299, 1.4545, -13.2158, -1.99129, 2.60647, -0.156381
2.34112, 1.26911, -12.9861, -1.90189, 2.72649, -0.195355
2.28032, 1.05528, -12.7711, -1.66335, 2.73983, -0.211889
2.19249, 0.809667, -12.5332, -1.32696, 2.66557, -0.231135
2.08309, 0.565363, -12.2566, -0.959314, 2.54473, -0.238133
2.00296, 0.351521, -12.0912, -0.644669, 2.4584, -0.245621
1.90412, 0.153016, -11.9375, -0.328845, 2.34512, -0.23949
1.78482, -0.002753, -11.8104, -0.032929, 2.24577, -0.241621
1.68933, -0.165535, -11.7594, 0.267831, 2.2016, -0.221554
1.58649, -0.281185, -11.6932, 0.548011, 2.10534, -0.232791
1.47255, -0.343782, -11.6913, 0.748686, 1.98428, -0.21924
1.37679, -0.399991, -11.8166, 0.896549, 1.87106, -0.206102
1.26035, -0.450723, -11.8376, 0.970041, 1.69842, -0.206188
1.14333, -0.484699, -11.7579, 1.01978, 1.53006, -0.197838
1.03588, -0.498664, -11.592, 1.05834, 1.34661, -0.198458
0.921926, -0.512295, -11.4058, 1.10656, 1.19245, -0.1914
0.864645, -0.520425, -11.3284, 1.1918, 1.05111, -0.184001
0.803854, -0.523266, -11.2058, 1.37373, 0.877982, -0.156947
0.748239, -0.485664, -10.9921, 1.52011, 0.613539, -0.100377
0.73487, -0.425824, -10.9813, 1.54934, 0.449421, -0.074878
0.765233, -0.35856, -11.147, 1.48644, 0.466817, -0.073982
0.770878, -0.246837, -11.3111, 1.35897, 0.576343, -0.068264
0.779113, -0.087917, -11.3168, 1.08946, 0.621474, -0.062762
0.742849, 0.089709, -11.2853, 0.79165, 0.630503, -0.099885
0.682379, 0.276142, -11.3938, 0.468897, 0.5822, -0.099445
0.597296, 0.500615, -11.4663, 0.082939, 0.481094, -0.099446
0.472338, 0.715666, -11.5544, -0.299301, 0.335086, -0.091887
0.329998, 0.935567, -11.7369, -0.614659, 0.137357, -0.086514
0.168967, 1.11086, -12.07, -0.74256, 0.049759, -0.098125
0.005971, 1.26263, -12.2194, -0.842406, -0.03091, -0.097835
-0.136209, 1.38685, -12.4061, -0.931285, -0.221792, -0.068325
-0.268543, 1.45315, -12.5836, -0.938859, -0.736928, -0.034918
-0.317358, 1.54265, -12.7652, -1.2155, -1.18877, -0.029916
-0.257529, 1.60478, -12.9593, -1.44251, -1.293, -0.018134
-0.150979, 1.65519, -13.0477, -1.63301, -1.23715, -0.03666
0.01448, 1.68899, -13.186, -1.71909, -1.06136, -0.04493
0.194013, 1.66747, -13.0052, -1.62085, -0.792965, -0.037052
0.333569, 1.6485, -12.6214, -1.54023, -0.584602, -0.055154
0.446499, 1.65362, -12.3488, -1.52288, -0.417328, -0.079623
0.504887, 1.70007, -12.1077, -1.6625, -0.343325, -0.144107
0.574462, 1.67277, -11.6532, -1.75515, -0.273858, -0.14148
0.629027, 1.6165, -11.4654, -1.8662, -0.133637, -0.091954
0.696858, 1.5269, -11.3704, -1.9184, 0.034811, -0.067268
0.79293, 1.40581, -11.4189, -1.88627, 0.273281, -0.072532
0.871592, 1.2372, -11.275, -1.70195, 0.485905, -0.070575
0.946818, 1.03933, -11.1633, -1.46302, 0.651276, -0.08313
1.01807, 0.883796, -11.188, -1.1694, 0.816849, -0.076912
1.06122, 0.72915, -11.217, -0.945429, 0.923579, -0.078513
1.11397, 0.642661, -11.3109, -0.755499, 1.01477, -0.078273
1.16233, 0.563712, -11.3582, -0.49512, 1.20355, -0.07496
1.19349, 0.558449, -11.68, -0.091332, 1.40675, -0.020355
1.18586, 0.646293, -12.0126, -0.186797, 1.37851, -0.010763
1.15447, 0.762695, -12.3045, -0.384437, 1.34076, -0.048931
1.12842, 0.86618, -12.6487, -0.600015, 1.33946, -0.081385
1.10943, 0.933425, -12.9275, -0.807953, 1.35259, -0.076387
1.0632, 1.0133, -13.1913, -1.20135, 1.281, -0.099348
1.04186, 0.964325, -13.1628, -1.27712, 1.04123, -0.103898
1.04923, 0.819492, -13.2594, -1.09784, 0.941591, -0.078731
1.11712, 0.631517, -13.0866, -0.787403, 1.01093, -0.076456
1.16852, 0.425644, -12.6718, -0.443359, 1.01587, -0.074033
1.24791, 0.224184, -12.4468, -0.165055, 1.00996, -0.082659
1.34922, 0.044797, -12.3051, 0.033583, 1.01584, -0.101114
1.34703, -0.082221, -11.5479, 0.147882, 0.89688, -0.061069
1.38209, -0.117318, -11.2184, 0.304372, 0.825951, -0.033773
1.46107, -0.134448, -11.2516, 0.577339, 0.90967, -0.020411
1.53981, -0.134148, -11.5838, 0.768915, 1.1229, -0.025611
1.6414, -0.117644, -12.0917, 0.792991, 1.31815, -0.024481
1.72184, -0.096243, -12.5311, 0.763005, 1.45844, -0.020338
1.74323, -0.04437, -12.7908, 0.475196, 1.51443, -0.04252
1.77248, -0.029729, -12.8433, 0.101015, 1.81648, -0.133523
1.73742, -0.092403, -12.7841, 0.127232, 1.93756, -0.194152
1.70166, -0.188259, -12.7779, 0.199123, 1.9459, -0.220152
1.65892, -0.307961, -12.8211, 0.35359, 1.92841, -0.228293
1.56149, -0.420656, -12.6631, 0.47026, 1.87102, -0.24473
1.46619, -0.519605, -12.4568, 0.582096, 1.78417, -0.256868
1.36242, -0.602046, -12.3386, 0.695169, 1.68441, -0.251697
1.2753, -0.671415, -12.3371, 0.84814, 1.63366, -0.23873
1.19537, -0.758832, -12.4603, 1.07896, 1.59932, -0.237441
1.11543, -0.826593, -12.392, 1.31959, 1.5129, -0.225932
1.03418, -0.849246, -12.5619, 1.46698, 1.40114, -0.219576
1.01556, -0.884518, -12.9028, 1.60109, 1.30569, -0.200033
0.985962, -0.903719, -13.1015, 1.66359, 1.25228, -0.108152
0.959141, -0.897426, -13.0791, 1.52781, 1.14777, -0.086234
0.945012, -0.891603, -13.0891, 1.3476, 0.928152, -0.068902
0.921568, -0.88681, -13.1484, 1.22888, 0.669857, -0.11025
0.907982, -0.90052, -13.1176, 1.3257, 0.482978, -0.117113
0.918608, -0.913281, -12.9087, 1.4661, 0.376593, -0.083291
0.95116, -0.919591, -12.7699, 1.62942, 0.353451, -0.024647
1.01384, -0.899191, -12.7049, 1.75629, 0.398428, -0.006263
1.06209, -0.867235, -12.7173, 1.84107, 0.520335, -0.014016
1.10221, -0.818832, -12.7138, 1.91124, 0.666584, -0.021023
1.12498, -0.763112, -12.6587, 1.91233, 0.810063, -0.054979
1.14688, -0.700045, -12.6321, 1.86889, 1.00795, -0.086822
1.14355, -0.650223, -12.6234, 1.78105, 1.23044, -0.105045
1.11267, -0.614562, -12.5419, 1.65077, 1.35556, -0.117801
1.05775, -0.577269, -12.5142, 1.58374, 1.33058, -0.128575
0.995144, -0.558435, -12.5722, 1.61555, 1.24859, -0.12476
0.945189, -0.526037, -12.6881, 1.70824, 1.09988, -0.113536
0.885998, -0.444476, -12.7483, 1.6762, 0.9682, -0.102825
0.841826, -0.360945, -12.8391, 1.55286, 0.829528, -0.091039
0.813098, -0.27568, -12.9241, 1.4275, 0.695168, -0.088686
0.791826, -0.196503, -13.0113, 1.28514, 0.53901, -0.090286
0.793588, -0.122646, -13.0136, 1.12354, 0.399, -0.072606
0.852395, -0.04915, -13.0707, 0.980371, 0.425485, -0.057169
0.948676, 0.029571, -13.0518, 0.836321, 0.560916, -0.049442
1.04498, 0.137499, -12.8703, 0.658574, 0.706057, -0.050169
1.16505, 0.269738, -12.9628, 0.470585, 0.897623, -0.04861
1.2845, 0.406765, -13.0352, 0.250584, 1.07209, -0.044886
1.36901, 0.537571, -12.9042, 0.026834, 1.12909, -0.046235
1.4846, 0.645949, -12.9677, -0.117608, 1.18642, -0.033168
1.5719, 0.730177, -12.9531, -0.263433, 1.19434, -0.046611
1.62757, 0.821742, -12.8603, -0.541907, 1.16148, -0.056302
1.69335, 0.81253, -12.7168, -0.674434, 1.2437, -0.083248
1.74206, 0.7744, -12.5565, -0.772126, 1.32835, -0.097147
1.7676, 0.735838, -12.3174, -0.793413, 1.41167, -0.109479
1.74529, 0.703287, -12.0053, -0.750383, 1.44613, -0.120881
1.73461, 0.668505, -11.7996, -0.441022, 1.42434, -0.083025
1.76404, 0.622961, -11.6723, -0.016796, 1.61713, -0.033174
1.77719, 0.6725, -11.6824, -0.034526, 1.69093, -0.017208
1.81599, 0.740305, -11.8697, -0.081463, 1.6952, 0.00672
1.85001, 0.810885, -12.1545, -0.19588, 1.67082, -0.00182
1.86335, 0.877001, -12.277, -0.437562, 1.50928, -0.030838
1.8902, 0.935392, -12.4444, -0.717826, 1.44585, -0.074883
1.95054, 0.918833, -12.5647, -0.870284, 1.50786, -0.106282
1.99999, 0.891652, -12.6177, -0.956237, 1.61048, -0.113183
2.04362, 0.856319, -12.6969, -0.993214, 1.76504, -0.126361
2.07317, 0.830477, -12.667, -1.00423, 1.92919, -0.126063
2.07865, 0.787209, -12.512, -0.976707, 2.09401, -0.128245
2.09231, 0.744869, -12.4131, -0.880368, 2.29209, -0.12442
2.06833, 0.718505, -12.3064, -0.887269, 2.41957, -0.124906
1.99705, 0.700102, -11.9942, -0.906683, 2.40215, -0.128151
1.93251, 0.648141, -11.6935, -0.809695, 2.37466, -0.132117
1.88705, 0.579945, -11.4985, -0.615981, 2.38928, -0.107569
1.84433, 0.538889, -11.2982, -0.443714, 2.3503, -0.106826
1.79431, 0.517773, -11.1339, -0.318924, 2.27896, -0.090201
1.77285, 0.514571, -11.0406, -0.280622, 2.20047, -0.075234
1.76621, 0.526283, -11.007, -0.384712, 2.14518, -0.090428
1.75259, 0.54225, -10.9579, -0.614805, 2.05885, -0.112014
1.73425, 0.562493, -10.8777, -0.695976, 1.95063, -0.116303
1.71527, 0.527707, -10.7683, -0.569814, 1.94418, -0.1181
1.71736, 0.469965, -10.7381, -0.240159, 2.02885, -0.087621
1.71146, 0.479646, -10.7099, 0.064931, 2.00594, -0.050605
1.70016, 0.516885, -10.7577, 0.092353, 1.95522, -0.030291
1.71582, 0.581125, -11.0074, 0.05816, 1.96065, -0.016483
1.73788, 0.649637, -11.2975, 0.002828, 1.98161, 0.002711
1.72394, 0.713558, -11.3342, -0.094167, 1.9866, 0.011427
1.7221, 0.755137, -11.3612, -0.245849, 2.04308, 0.011909
1.7247, 0.81963, -11.5092, -0.34796, 2.08566, -0.002354
1.71154, 0.860238, -11.5819, -0.483996, 1.99909, -0.073428
1.66339, 0.862301, -11.5339, -0.619059, 1.62693, -0.09762
1.671, 0.850899, -11.5484, -0.753471, 1.3842, -0.112848
1.74541, 0.821667, -11.6572, -0.841495, 1.41738, -0.095463
1.7741, 0.76793, -11.4968, -0.875002, 1.47656, -0.12098
1.76526, 0.70018, -11.0277, -0.867531, 1.46505, -0.134793
1.77542, 0.638475, -10.7555, -0.826029, 1.54308, -0.130261
1.80668, 0.591153, -10.6513, -0.780738, 1.84739, -0.141274
1.8234, 0.556156, -10.6285, -0.651179, 2.16149, -0.119885
1.79428, 0.540074, -10.7312, -0.598292, 2.34264, -0.120467
1.73544, 0.484578, -10.8369, -0.48331, 2.38002, -0.112178
1.63121, 0.422035, -10.7227, -0.340025, 2.26273, -0.105523
1.49712, 0.335272, -10.6367, -0.182267, 2.08835, -0.114307
1.37961, 0.242675, -10.6972, 0.00159, 1.92438, -0.107635
1.26115, 0.17257, -10.6534, 0.148373, 1.71856, -0.108004
1.19586, 0.12139, -10.926, 0.244486, 1.55344, -0.10421
1.16424, 0.118735, -11.0626, 0.191188, 1.36309, -0.099125
1.10264, 0.110968, -10.8479, 0.217128, 0.927927, -0.0876
1.11236, 0.088555, -10.6733, 0.366483, 0.746158, -0.066891
1.17481, 0.087723, -10.6676, 0.372984, 0.771383, -0.07078
1.19972, 0.09512, -10.3235, 0.312143, 0.748772, -0.066654
1.24686, 0.077964, -10.1222, 0.35294, 0.759359, -0.067694
1.29547, 0.067056, -10.1427, 0.336749, 0.820746, -0.072655
1.31567, 0.085939, -10.0469, 0.249101, 0.849264, -0.08579
1.3247, 0.086801, -9.92427, 0.212782, 0.862452, -0.08737
1.34904, 0.075403, -10.0092, 0.203984, 0.91888, -0.095507
1.36041, 0.097559, -10.0082, 0.056309, 1.03788, -0.102215
1.33334, 0.099545, -9.75725, -0.032788, 1.13332, -0.115067
1.32631, 0.087672, -9.6265, -0.031133, 1.13743, -0.122821
1.33477, 0.068606, -9.59548, 0.119942, 1.25215, -0.106318
1.33964, 0.021874, -9.57163, 0.424994, 1.33123, -0.085369
1.32888, 0.001024, -9.47298, 0.653653, 1.1782, -0.051995
1.30683, 0.02731, -9.41628, 0.589047, 0.897938, -0.04489
1.30847, 0.063028, -9.42144, 0.386095, 0.764511, -0.063284
1.32692, 0.085937, -9.45423, 0.300124, 0.72096, -0.070446
1.35796, 0.091659, -9.49683, 0.290183, 0.710103, -0.078216
1.39175, 0.112291, -9.51917, 0.243868, 0.703914, -0.071209
1.42205, 0.117977, -9.49925, 0.197427, 0.703529, -0.068163
1.45619, 0.123173, -9.55006, 0.180321, 0.771576, -0.075526
1.4772, 0.122097, -9.51664, 0.07383, 0.885103, -0.082737
1.49754, 0.116527, -9.34867, 0.027573, 1.22582, -0.098607
1.52556, 0.069, -9.31247, 0.185026, 1.54133, -0.109149
1.53282, 0.056446, -9.42294, 0.265681, 1.65486, -0.104387
1.50198, 0.052535, -9.40059, 0.287928, 1.69071, -0.101589
1.50464, 0.040014, -9.60195, 0.354736, 1.72812, -0.112781
1.50134, 0.045835, -9.65403, 0.343839, 1.73256, -0.099029
1.47677, 0.047835, -9.68612, 0.395974, 1.67867, -0.108618
1.51338, 0.053936, -9.93951, 0.410925, 1.74963, -0.08836
1.49863, 0.039357, -9.89821, 0.56489, 1.73835, -0.074352
1.45948, 0.040411, -9.77805, 0.720458, 1.61528, -0.053536
1.48367, 0.072538, -10.0311, 0.77118, 1.54914, -0.031024
1.49692, 0.123894, -10.2973, 0.735395, 1.55889, -0.032126
1.49431, 0.189809, -10.3661, 0.641112, 1.51252, -0.025101
1.5229, 0.243246, -10.5581, 0.54177, 1.52486, -0.023624
1.53693, 0.299301, -10.6815, 0.444346, 1.52254, -0.021586
1.52949, 0.346366, -10.5734, 0.359767, 1.44881, -0.033208
1.53279, 0.374481, -10.5977, 0.286, 1.35175, -0.027193
1.55379, 0.420942, -10.6594, 0.101185, 1.24592, -0.047675
1.53683, 0.456372, -10.5179, -0.114582, 1.20202, -0.073082
1.51266, 0.451912, -10.2243, -0.174916, 1.14583, -0.087134
1.5453, 0.451574, -10.3371, -0.16957, 1.19285, -0.083195
1.56333, 0.463971, -10.2852, -0.200645, 1.33088, -0.083889
1.57681, 0.430202, -10.1511, -0.005983, 1.64827, -0.045942
1.61508, 0.421962, -10.169, 0.142442, 1.93429, -0.036807
1.58201, 0.435184, -10.0722, 0.111428, 2.03995, -0.01794
1.56072, 0.462965, -10.2561, 0.038237, 2.08757, -0.030484
1.54949, 0.494887, -10.6425, -0.093349, 2.12118, -0.079258
1.46805, 0.509621, -10.5624, -0.261886, 2.04356, -0.0868
1.37646, 0.502508, -10.2946, -0.369335, 1.84766, -0.091251
1.30555, 0.487246, -10.1855, -0.401547, 1.6998, -0.094963
1.23022, 0.443935, -9.91311, -0.352886, 1.54975, -0.104308
1.17207, 0.402419, -9.71869, -0.237593, 1.47487, -0.09426
1.14578, 0.349651, -9.69285, 0.005989, 1.43751, -0.07728
1.12737, 0.31787, -9.80161, 0.286544, 1.31501, -0.055266
1.10856, 0.361178, -9.89362, 0.316922, 1.13109, -0.041153
1.10853, 0.430927, -9.90362, 0.233602, 1.00919, -0.0204
1.12927, 0.502971, -10.0314, 0.079466, 0.99004, -0.020955
1.17553, 0.578597, -10.0486, -0.066801, 0.964248, -0.025055
1.18454, 0.636079, -9.96079, -0.231763, 0.883805, -0.026093
1.21763, 0.692489, -10.1028, -0.37559, 0.88037, -0.035603
1.26105, 0.719566, -10.1134, -0.435146, 0.896905, -0.036955
1.2564, 0.713076, -9.90394, -0.421634, 0.914918, -0.035544
1.29171, 0.695975, -9.91939, -0.268401, 1.03147, -0.022622
1.31743, 0.688923, -9.88474, -0.199062, 1.26919, 0.002663
1.32008, 0.687806, -9.74402, -0.210722, 1.39991, 0.004804
1.31609, 0.692688, -9.70627, -0.228755, 1.42378, -0.011568
1.31073, 0.70327, -9.71561, -0.251108, 1.35231, -0.0658
1.27052, 0.711372, -9.61497, -0.31457, 1.09157, -0.078372
1.23937, 0.71821, -9.43788, -0.360511, 0.823288, -0.09544
1.23792, 0.729895, -9.33873, -0.322614, 0.754391, -0.082833
1.2774, 0.730791, -9.44029, -0.277955, 0.759821, -0.03732
1.31225, 0.749253, -9.5008, -0.270436, 0.76659, -0.034747
1.32952, 0.767213, -9.39227, -0.289713, 0.741114, -0.035771
1.34663, 0.78548, -9.24377, -0.368343, 0.704921, -0.040721
1.36985, 0.816122, -9.2494, -0.530838, 0.731078, -0.072089
1.39034, 0.809681, -9.10371, -0.703882, 0.81001, -0.092106
1.39422, 0.787833, -9.00601, -0.817381, 0.909585, -0.111218
1.43182, 0.757327, -8.98048, -0.869977, 1.02136, -0.123214
