Fx [N], Fy [N], Fz [N], Mx [Nm], My [Nm], Mz [Nm]
-0.064076, 0.516673, -7.15631, -0.013059, -0.877178, 0.064765
0.148745, 0.783071, -8.7412, -0.13816, -0.681603, -0.014436
0.392362, 1.02008, -9.99394, -0.300663, -0.352201, -0.081803
0.677023, 1.28182, -11.1555, -0.482198, 0.062683, -0.105845
0.822135, 1.43447, -11.9597, -0.568675, 0.266478, -0.069613
0.886919, 1.48844, -12.6448, -0.637897, 0.346632, -0.058298
1.02016, 1.5155, -13.2466, -0.635436, 0.457183, -0.109555
1.13234, 1.50182, -13.7324, -0.585216, 0.592733, -0.205974
1.17708, 1.46449, -14.1874, -0.504879, 0.757312, -0.29528
1.2966, 1.46831, -14.7245, -0.446296, 1.08143, -0.334312
1.47157, 1.54228, -15.3861, -0.438462, 1.49872, -0.324062
1.53268, 1.60951, -15.8394, -0.438606, 1.75884, -0.296306
1.58211, 1.68489, -16.1784, -0.507568, 1.95243, -0.284561
1.69916, 1.80967, -16.6196, -0.635551, 2.11666, -0.226723
1.78571, 1.92902, -16.7929, -0.75773, 2.20554, -0.175431
1.73467, 1.99845, -16.8146, -0.832413, 2.12804, -0.143241
1.72398, 1.98902, -16.8754, -0.864263, 2.07864, -0.1643
1.73787, 1.94023, -16.9765, -0.828989, 2.07686, -0.195922
1.63338, 1.89795, -16.9283, -0.795179, 2.0017, -0.229348
1.47722, 1.80229, -16.9182, -0.716683, 1.85592, -0.28964
1.37442, 1.65998, -17.0071, -0.577979, 1.82226, -0.369176
1.28638, 1.55116, -17.015, -0.496685, 1.85363, -0.401795
1.1654, 1.47126, -16.9587, -0.494139, 1.71656, -0.362377
1.04614, 1.40198, -16.9793, -0.461553, 1.53804, -0.34316
0.967913, 1.36664, -16.9824, -0.491915, 1.40178, -0.324678
0.913086, 1.37037, -16.8798, -0.542902, 1.30627, -0.247156
0.857083, 1.38682, -16.612, -0.585136, 1.16888, -0.16569
0.822857, 1.33394, -16.2328, -0.599726, 0.960451, -0.162927
0.902873, 1.27339, -15.7602, -0.608269, 0.804538, -0.195386
1.06677, 1.27404, -15.0547, -0.631059, 0.720437, -0.227317
1.13419, 1.24535, -14.5902, -0.660305, 0.661809, -0.244554
1.11773, 1.22298, -14.324, -0.683767, 0.613222, -0.233979
1.17208, 1.24158, -14.4268, -0.708871, 0.76106, -0.214315
1.20483, 1.2888, -14.6321, -0.779123, 0.903376, -0.176019
1.13972, 1.333, -14.9294, -0.794855, 0.936824, -0.145124
1.16847, 1.352, -15.377, -0.780567, 1.1034, -0.154635
1.30962, 1.40575, -15.9365, -0.767531, 1.36302, -0.188497
1.34527, 1.43941, -16.357, -0.764713, 1.48088, -0.161103
1.30152, 1.46462, -16.6531, -0.753938, 1.38872, -0.175609
1.3178, 1.53404, -16.9097, -0.799506, 1.34631, -0.195037
1.31103, 1.58388, -17.1795, -0.84451, 1.29732, -0.184208
1.23485, 1.59535, -17.1671, -0.87526, 1.1558, -0.182782
1.16593, 1.57494, -16.8863, -0.918889, 0.953245, -0.161828
1.04872, 1.51332, -16.551, -0.911905, 0.67211, -0.160346
0.908324, 1.39562, -16.3124, -0.825883, 0.459875, -0.183146
0.806139, 1.26273, -16.0926, -0.700426, 0.360173, -0.234703
0.71727, 1.12967, -15.9711, -0.596165, 0.390456, -0.255382
0.696971, 1.07605, -16.3301, -0.491252, 0.571693, -0.301727
0.722793, 1.0806, -16.7743, -0.43583, 0.678162, -0.353103
0.691495, 1.10966, -17.3007, -0.414695, 0.810661, -0.383151
0.682468, 1.1756, -17.8396, -0.390373, 0.939223, -0.426157
0.705006, 1.23227, -18.2176, -0.389793, 0.993793, -0.473982
0.679908, 1.28531, -18.5373, -0.416601, 0.963103, -0.447042
0.595444, 1.35657, -18.8043, -0.466802, 0.827048, -0.410855
0.539094, 1.44879, -19.0717, -0.496484, 0.696506, -0.389117
0.455971, 1.45036, -19.2432, -0.481794, 0.525686, -0.428913
0.425502, 1.42531, -19.3694, -0.47026, 0.384088, -0.423884
0.413099, 1.45998, -19.3528, -0.556074, 0.398136, -0.38312
0.386663, 1.50434, -19.2042, -0.638709, 0.461063, -0.376685
0.403605, 1.50997, -19.3295, -0.687083, 0.614323, -0.375574
0.358752, 1.40949, -19.3084, -0.646914, 0.531019, -0.370444
0.222654, 1.25564, -19.1746, -0.569458, 0.395027, -0.399995
0.227662, 1.03792, -18.9647, -0.433908, 0.296596, -0.446791
0.31181, 0.85061, -18.1789, -0.375032, -0.004386, -0.477586
0.111776, 0.906537, -17.4085, -0.550485, -0.5053, -0.441822
-0.098691, 0.925075, -17.3701, -0.538696, -0.805214, -0.481173
0.022987, 0.728458, -17.3637, -0.319424, -0.632496, -0.510526
0.062162, 0.772052, -17.3475, -0.368214, -0.484191, -0.388861
-0.013184, 0.822587, -17.6801, -0.371442, -0.427383, -0.403134
0.084888, 0.835486, -18.242, -0.316957, -0.124683, -0.46718
0.183098, 0.957294, -18.6941, -0.342325, 0.315956, -0.446548
0.079989, 1.00199, -19.2121, -0.278773, 0.482494, -0.388451
0.016999, 1.01227, -19.9631, -0.137653, 0.629784, -0.411948
0.086151, 1.1301, -20.3329, -0.157102, 0.871914, -0.419565
-0.002221, 1.20341, -20.444, -0.242428, 0.773464, -0.337535
-0.158758, 1.22645, -20.7471, -0.265295, 0.590928, -0.326061
-0.165048, 1.3341, -21.0105, -0.31228, 0.52261, -0.375191
-0.23008, 1.34884, -21.1286, -0.307765, 0.359439, -0.363088
-0.386598, 1.28458, -21.0382, -0.232268, 0.141202, -0.346425
-0.495455, 1.27435, -21.136, -0.173784, 0.160372, -0.331567
-0.47558, 1.26553, -21.2208, -0.181069, 0.297873, -0.332768
-0.51288, 1.15891, -21.3362, -0.11919, 0.218718, -0.312715
-0.610824, 1.13599, -21.6988, -0.138885, 0.186308, -0.338066
-0.583614, 1.19673, -22.0208, -0.225441, 0.489652, -0.370316
-0.556497, 1.17321, -22.2366, -0.210435, 0.734374, -0.370484
-0.513746, 1.10257, -22.2563, -0.129273, 0.756987, -0.372726
-0.544115, 1.2884, -22.2154, -0.182621, 0.782497, -0.305357
-0.570488, 1.33944, -22.2292, -0.120351, 0.880414, -0.375008
-0.574114, 1.32547, -22.1943, -0.097222, 0.846724, -0.438542
-0.568543, 1.32259, -21.9087, -0.121276, 0.765672, -0.452915
-0.61481, 1.35715, -21.615, -0.12084, 0.616101, -0.471838
-0.583205, 1.36964, -21.6332, -0.111501, 0.634764, -0.555177
-0.419138, 1.31695, -21.5459, -0.11519, 0.767513, -0.590081
-0.430279, 1.27284, -21.1675, -0.11702, 0.679419, -0.522554
-0.511288, 1.23555, -20.9635, -0.083681, 0.545596, -0.526115
-0.389065, 1.17217, -20.8314, -0.065829, 0.562866, -0.559333
-0.318512, 1.1587, -20.6256, -0.104374, 0.476543, -0.532299
-0.476319, 1.1257, -20.5852, -0.062055, 0.156942, -0.497918
-0.454217, 1.18318, -20.7205, -0.090392, 0.142828, -0.496648
-0.324801, 1.22113, -20.7915, -0.150125, 0.272141, -0.478551
-0.353367, 1.18146, -20.7901, -0.159067, 0.208218, -0.430856
-0.397402, 1.16346, -20.9554, -0.13674, 0.177185, -0.455585
-0.243077, 1.18852, -21.2555, -0.160594, 0.318902, -0.507146
-0.283678, 1.12239, -21.316, -0.172873, 0.204165, -0.449905
-0.566308, 0.9816, -21.1164, -0.031246, -0.240143, -0.469015
-0.854592, 0.658627, -21.1563, 0.345033, -0.704682, -0.644153
-0.904108, 0.399535, -21.4898, 0.615046, -0.783515, -0.716995
-0.895408, 0.472417, -21.5806, 0.599593, -0.649717, -0.612849
-0.875785, 0.701512, -21.4516, 0.485245, -0.648947, -0.542343
-0.84774, 0.961327, -21.5289, 0.263379, -0.716241, -0.57903
-0.737657, 1.16654, -21.7627, 0.064834, -0.636981, -0.500674
-0.873433, 1.2122, -21.8017, -0.020602, -0.868889, -0.373415
-1.05614, 1.2464, -21.9101, -0.108036, -1.26312, -0.389001
-1.08402, 1.3038, -22.056, -0.251786, -1.4651, -0.497674
-1.1364, 1.36961, -22.3108, -0.381202, -1.39661, -0.514889
-1.09619, 1.41568, -22.6659, -0.402166, -1.20679, -0.515405
-1.06068, 1.42387, -23.0369, -0.429837, -1.11203, -0.437965
-1.14078, 1.39981, -23.1231, -0.47284, -1.11531, -0.263001
-1.2585, 1.37868, -23.3059, -0.460614, -1.09342, -0.176778
-1.1431, 1.52636, -23.4724, -0.556272, -0.84301, -0.163489
-1.1737, 1.57025, -23.4412, -0.554614, -0.960253, -0.12369
-1.31066, 1.65108, -23.2374, -0.597338, -1.1485, -0.029077
-1.26639, 1.5984, -22.9824, -0.497926, -1.13982, -0.078721
-1.15779, 1.45729, -22.7069, -0.370319, -1.07266, -0.289428
-1.16473, 1.4183, -22.5199, -0.3612, -1.12222, -0.397328
-1.19263, 1.4654, -22.6188, -0.312507, -1.16363, -0.413624
-1.07449, 1.52188, -22.8091, -0.31716, -0.90754, -0.41194
-0.946989, 1.59787, -22.8558, -0.42474, -0.703608, -0.369511
-1.06824, 1.59832, -22.5796, -0.437894, -0.826285, -0.28865
-1.1088, 1.6667, -22.8267, -0.456461, -0.682104, -0.329078
-0.885527, 1.67022, -22.8908, -0.467411, -0.420543, -0.354055
-1.13366, 1.40165, -22.395, -0.349344, -0.986134, -0.386968
-1.74803, 1.23177, -22.0635, -0.262755, -1.97794, -0.522581
-1.68466, 1.27497, -22.3042, -0.217084, -1.83959, -0.547622
-1.25507, 1.46613, -22.7692, -0.223044, -1.05101, -0.487594
-1.16827, 1.68995, -22.8742, -0.331084, -0.773887, -0.408679
-1.31982, 1.74962, -23.0134, -0.290454, -0.948237, -0.533227
-1.11542, 1.75703, -23.4676, -0.249304, -0.62764, -0.710966
-0.935644, 1.69583, -23.6956, -0.230433, -0.22596, -0.699278
-0.991243, 1.78972, -23.6905, -0.366041, -0.201933, -0.449766
-0.992112, 1.92848, -23.8776, -0.450398, -0.143873, -0.315855
-0.90354, 1.9324, -23.9945, -0.506885, -0.004074, -0.374088
-0.909325, 1.8836, -23.918, -0.555225, -0.040969, -0.294371
-1.0382, 1.87335, -23.8785, -0.612883, -0.361907, -0.189847
-0.986425, 2.00825, -23.7944, -0.728427, -0.476051, -0.250731
-0.842392, 2.02358, -23.7562, -0.728494, -0.378983, -0.308636
-0.798786, 1.91391, -23.7925, -0.63647, -0.422504, -0.261851
-0.923564, 1.90016, -23.6208, -0.631713, -0.75961, -0.27728
-0.92727, 1.95236, -23.7168, -0.634075, -0.724623, -0.323497
-0.682168, 2.00543, -23.839, -0.688151, -0.238979, -0.298883
-0.542959, 1.98951, -23.7949, -0.620461, -0.054345, -0.292925
-0.618809, 1.97868, -23.4492, -0.569866, -0.290055, -0.352959
-0.509581, 2.00596, -23.4575, -0.583589, -0.177595, -0.417593
-0.282688, 2.03153, -23.4191, -0.615727, 0.149326, -0.353398
-0.269792, 2.00133, -23.2216, -0.614281, 0.117716, -0.262343
-0.42398, 1.92824, -23.1417, -0.577583, -0.215736, -0.184432
-0.37967, 1.95914, -23.0479, -0.63528, -0.316409, -0.205317
-0.371301, 1.94693, -22.8165, -0.636479, -0.342816, -0.211137
-0.539213, 1.85801, -22.619, -0.570008, -0.609527, -0.185151
-0.524675, 1.94152, -22.5629, -0.633282, -0.668298, -0.172541
-0.472735, 1.93848, -22.4921, -0.609099, -0.662202, -0.240936
-0.334612, 1.95631, -22.5549, -0.640171, -0.595933, -0.399272
-0.126975, 2.07722, -22.6541, -0.770306, -0.365763, -0.336559
-0.208046, 1.95772, -22.512, -0.740045, -0.533208, -0.249598
-0.323742, 1.92904, -22.4707, -0.768387, -0.814104, -0.409978
-0.236502, 1.93026, -22.4267, -0.819183, -0.863072, -0.492148
-0.124785, 1.94149, -22.3741, -0.856262, -0.602742, -0.358056
-0.102575, 1.99015, -22.244, -0.867221, -0.351145, -0.189623
-0.018289, 2.01933, -22.4029, -0.856285, -0.157089, -0.152257
0.104568, 2.07491, -22.5044, -0.843209, -0.03295, -0.158469
-0.004177, 2.05653, -22.3688, -0.815938, -0.207511, -0.159728
-0.223787, 2.01562, -22.2579, -0.736186, -0.52541, -0.22334
-0.131473, 2.12408, -22.4182, -0.815676, -0.377238, -0.219303
-0.038248, 2.15517, -22.51, -0.751412, -0.271023, -0.172363
-0.240229, 2.05274, -22.1928, -0.612208, -0.585107, -0.214317
-0.477043, 2.00604, -22.1686, -0.514285, -0.913758, -0.372003
-0.237107, 2.12644, -22.5032, -0.501916, -0.459346, -0.478141
-0.026925, 2.19893, -22.5273, -0.414663, -0.17814, -0.343258
-0.27375, 2.07418, -22.3379, -0.238628, -0.366106, -0.1773
-0.279014, 2.13392, -22.8437, -0.208082, -0.173528, -0.17789
-0.000175, 2.32286, -23.0987, -0.358523, 0.303024, -0.193561
-0.086784, 2.38949, -22.8198, -0.469343, 0.174731, -0.138378
-0.478871, 2.33203, -22.8911, -0.405469, -0.347851, -0.109371
-0.330926, 2.36426, -23.1475, -0.381918, -0.183853, -0.105196
-0.133795, 2.47518, -23.448, -0.429694, 0.168971, -0.051127
-0.26888, 2.53156, -23.4744, -0.482227, 0.11009, 0.10529
-0.423475, 2.56527, -23.6417, -0.472214, -0.079983, 0.157765
-0.270863, 2.68333, -23.882, -0.501041, 0.285659, 0.196543
-0.236596, 2.73576, -23.8134, -0.563424, 0.583143, 0.330789
-0.43792, 2.66936, -23.7507, -0.50796, 0.288106, 0.448173
-0.557302, 2.66938, -23.6751, -0.437631, -0.109479, 0.27286
-0.543502, 2.7419, -23.6749, -0.470103, -0.320131, 0.032509
-0.53675, 2.73571, -23.5649, -0.505543, -0.57417, -0.012254
-0.660936, 2.5934, -23.3896, -0.544291, -0.770391, 0.030815
-0.612764, 2.58385, -23.6058, -0.587429, -0.488808, 0.025659
-0.410257, 2.61707, -23.9615, -0.62272, -0.183105, 0.028528
-0.354187, 2.61713, -24.0938, -0.702973, -0.272213, 0.06388
-0.50194, 2.58422, -23.7629, -0.777277, -0.576353, 0.06166
-0.504092, 2.59375, -23.9505, -0.795951, -0.547989, -0.032145
-0.325744, 2.60042, -24.1064, -0.872931, -0.477535, -0.116118
-0.393422, 2.53648, -23.9028, -0.953908, -0.816874, -0.047501
-0.67371, 2.44008, -23.7671, -1.02695, -1.1591, -0.081748
-0.546114, 2.47194, -23.8418, -1.09413, -0.805071, -0.286954
-0.283127, 2.4075, -23.9007, -1.08413, -0.412955, -0.262054
-0.367883, 2.24326, -23.8351, -0.988145, -0.500147, -0.020148
-0.535952, 2.29068, -23.9723, -1.0629, -0.781931, -0.137199
-0.411157, 2.38976, -24.1734, -1.10054, -0.655766, -0.50623
-0.28172, 2.39622, -24.1627, -1.1224, -0.237835, -0.598126
-0.365921, 2.46304, -24.1429, -1.19226, -0.273144, -0.43452
-0.455361, 2.48093, -24.3108, -1.1489, -0.479709, -0.496838
-0.41999, 2.46878, -24.473, -1.1062, -0.529545, -0.636094
-0.423471, 2.51217, -24.5977, -1.19278, -0.332068, -0.596696
-0.545071, 2.5516, -24.4627, -1.16876, -0.20466, -0.509001
-0.64898, 2.54552, -24.538, -0.975735, -0.259477, -0.593133
-0.516893, 2.3717, -24.5615, -0.773831, -0.382018, -0.705234
-0.461826, 2.26723, -24.6376, -0.762549, -0.599456, -0.719977
-0.585487, 2.30259, -24.4708, -0.864609, -0.82929, -0.73806
-0.509446, 2.25389, -24.4487, -0.785418, -0.69082, -0.829206
-0.333196, 2.16471, -24.4664, -0.786781, -0.642236, -0.802778
-0.487285, 2.07844, -24.4588, -0.834678, -1.07484, -0.794094
-0.687414, 2.14022, -24.3432, -0.900828, -1.31197, -0.950519
-0.479562, 2.24084, -24.2372, -1.00374, -0.943382, -1.0596
-0.359404, 2.17189, -24.456, -1.03926, -0.80102, -0.932206
-0.553636, 2.13045, -24.4174, -1.0224, -1.13421, -0.721042
-0.676455, 2.25638, -24.2532, -1.05987, -1.18696, -0.659557
-0.484174, 2.36098, -24.3806, -1.10089, -0.732815, -0.605802
-0.390518, 2.27813, -24.5779, -1.08695, -0.487861, -0.423925
-0.553328, 2.15393, -24.4101, -0.918332, -0.608187, -0.302169
-0.599275, 2.29086, -24.2802, -0.926241, -0.777233, -0.419729
-0.344219, 2.40134, -24.4039, -0.964753, -0.499758, -0.461794
-0.292083, 2.34791, -24.2233, -0.987354, -0.424294, -0.395445
-0.477298, 2.36056, -24.0206, -1.05183, -0.46329, -0.267212
-0.319266, 2.42027, -23.9734, -0.975624, -0.10324, -0.268923
-0.122747, 2.35272, -23.9603, -0.868647, 0.141149, -0.385384
-0.19791, 2.2118, -23.7658, -0.750409, -0.082904, -0.319007
-0.366552, 2.12675, -23.4523, -0.695691, -0.426633, -0.326756
-0.358369, 2.25261, -23.1954, -0.840983, -0.396995, -0.394593
-0.349238, 2.19316, -23.2591, -0.783118, -0.435899, -0.389826
-0.325051, 2.11445, -23.3539, -0.728261, -0.503529, -0.336625
-0.303811, 2.15145, -23.1486, -0.694594, -0.459786, -0.246812
-0.271758, 2.20766, -22.9545, -0.730168, -0.471882, -0.277458
-0.166846, 2.20289, -23.0419, -0.720541, -0.512386, -0.302812
-0.038779, 2.23401, -22.8536, -0.803566, -0.398511, -0.216537
-0.131136, 2.21429, -22.542, -0.783805, -0.47016, -0.085632
-0.192457, 2.1827, -22.4423, -0.748941, -0.778851, -0.169525
-0.179145, 2.13629, -22.3915, -0.726568, -1.16352, -0.354342
-0.157878, 2.1292, -22.5712, -0.669414, -1.2526, -0.392165
-0.11325, 2.21765, -22.6411, -0.703909, -1.13546, -0.330674
-0.024608, 2.25029, -22.4471, -0.741361, -1.12522, -0.274925
-0.046113, 2.15794, -22.2303, -0.695468, -1.23857, -0.25204
0.000193, 2.14542, -22.0983, -0.679938, -1.11927, -0.28313
0.074925, 2.12116, -22.0935, -0.63218, -0.7872, -0.315299
0.05722, 2.03094, -22.0272, -0.583086, -0.668256, -0.254708
0.053704, 1.93579, -21.884, -0.555079, -0.574942, -0.172165
0.092492, 1.94759, -21.8814, -0.527805, -0.446616, -0.223703
0.217826, 2.00435, -21.9177, -0.532456, -0.21106, -0.350885
0.302778, 2.02733, -21.9899, -0.545082, -0.016506, -0.396358
0.249501, 2.04472, -22.005, -0.55987, 0.015319, -0.350231
0.224648, 2.09385, -21.8128, -0.585153, 0.061209, -0.296208
0.355398, 2.14819, -21.6424, -0.599889, 0.203319, -0.291228
0.457085, 2.13882, -21.4518, -0.614639, 0.225703, -0.301626
0.419048, 2.14711, -21.1692, -0.677661, -0.005804, -0.28132
0.391681, 2.34479, -20.9967, -0.837651, -0.152897, -0.256606
0.55643, 2.68632, -21.1677, -1.12558, 0.125651, -0.187992
0.614254, 2.83579, -21.0365, -1.27739, 0.180424, -0.110825
0.370261, 2.89299, -20.8191, -1.41698, -0.125371, 0.039836
0.240358, 2.97849, -20.5882, -1.4807, -0.309576, 0.008884
0.189501, 2.89509, -20.5581, -1.40278, -0.597588, -0.220031
0.109285, 2.74189, -20.4257, -1.3385, -0.75122, -0.214665
0.094801, 2.72444, -20.2293, -1.45106, -0.618488, -0.059002
0.163526, 2.79054, -20.2699, -1.52434, -0.293774, 0.067963
0.14806, 2.78784, -20.4512, -1.52069, -0.232166, 0.148749
0.154742, 2.67093, -20.342, -1.43041, -0.219228, 0.221342
0.218622, 2.71779, -20.5511, -1.50405, 0.096451, 0.281707
0.454847, 2.90565, -20.3948, -1.63665, 0.515466, 0.281845
0.622397, 3.01256, -20.0977, -1.71204, 0.514839, 0.296742
0.692472, 3.04239, -19.6993, -1.80034, 0.340446, 0.390757
1.04383, 3.2573, -19.3298, -1.95355, 0.61086, 0.47726
1.47384, 3.40112, -18.646, -2.04023, 0.984164, 0.481699
1.49416, 3.24777, -18.0278, -1.87571, 0.850852, 0.426045
1.23659, 3.06896, -17.834, -1.71675, 0.445703, 0.331495
1.16091, 3.03165, -17.7421, -1.61981, 0.357346, 0.176959
1.07804, 3.04404, -18.1729, -1.5796, 0.489325, 0.004077
1.12574, 3.09427, -18.4992, -1.64246, 0.600118, -0.05689
1.06605, 3.01355, -18.5651, -1.61058, 0.566164, 0.020981
0.868538, 2.90549, -18.5137, -1.49516, 0.437757, -0.003966
0.78756, 2.8424, -18.7228, -1.42918, 0.39202, -0.027142
0.722091, 2.74727, -19.0984, -1.38624, 0.416265, 0.062905
0.569158, 2.73252, -19.1697, -1.41994, 0.306667, 0.174141
0.408326, 2.69883, -19.2668, -1.41924, 0.094913, 0.198219
0.387838, 2.67825, -19.5659, -1.43356, 0.086619, 0.229023
0.386063, 2.66323, -19.7666, -1.37681, 0.221081, 0.251157
0.338351, 2.72038, -19.8202, -1.34296, 0.292542, 0.205467
0.238049, 2.75716, -20.045, -1.33355, 0.250349, 0.137553
0.149902, 2.63818, -20.2621, -1.23488, 0.178207, 0.011627
0.109017, 2.6726, -20.4201, -1.28364, 0.18864, -0.103584
0.064214, 2.7596, -20.709, -1.3092, 0.291137, -0.126454
0.045575, 2.78016, -20.8796, -1.32634, 0.337606, -0.096118
0.038259, 2.77578, -20.9292, -1.38313, 0.41019, -0.051944
0.027681, 2.74138, -21.1584, -1.43176, 0.407686, 0.043971
-0.091571, 2.72903, -21.0595, -1.47921, 0.133051, 0.111184
-0.277862, 2.66592, -20.7439, -1.48198, -0.223917, 0.118042
-0.358755, 2.62518, -20.8782, -1.47368, -0.197161, 0.126267
-0.309843, 2.60559, -21.0517, -1.41855, 0.056346, 0.120131
-0.421664, 2.49651, -21.0695, -1.30463, -0.056158, 0.075821
-0.577526, 2.42874, -21.0085, -1.22872, -0.307349, 0.040431
-0.531146, 2.46704, -21.1803, -1.26025, -0.186106, 0.037988
-0.497988, 2.44127, -21.2472, -1.26008, 0.004655, 0.027074
-0.543926, 2.44226, -21.2117, -1.36555, -0.07477, 0.087091
-0.620868, 2.47426, -21.212, -1.4826, -0.274294, 0.160841
-0.68048, 2.49683, -21.0876, -1.55418, -0.388097, 0.144512
-0.679607, 2.50573, -21.0102, -1.59098, -0.326181, 0.10921
-0.630705, 2.45747, -20.7918, -1.59265, -0.294416, 0.149443
-0.72873, 2.43327, -20.5246, -1.53859, -0.455245, 0.089556
-0.711726, 2.46608, -20.312, -1.50259, -0.470238, -0.114145
-0.527525, 2.40697, -20.2214, -1.48498, -0.369429, -0.183306
-0.452598, 2.3441, -19.8755, -1.52181, -0.376843, -0.024892
-0.556479, 2.29432, -19.6107, -1.57595, -0.557457, 0.080265
-0.507797, 2.22777, -19.5127, -1.55246, -0.654477, 0.117934
-0.45367, 2.07913, -19.4742, -1.49091, -0.695726, 0.179723
-0.50644, 2.07076, -19.0447, -1.4716, -0.837729, 0.275231
-0.667524, 2.05085, -19.1028, -1.38398, -0.993611, 0.237361
-0.66053, 2.02547, -19.3107, -1.31908, -0.947391, 0.118121
-0.725243, 2.0347, -19.27, -1.26409, -0.978777, 0.118034
-0.959208, 1.94068, -19.2563, -1.0856, -1.08459, 0.107042
-1.13376, 1.7889, -19.6634, -0.805004, -0.987741, -0.001962
-1.09282, 1.75637, -19.9192, -0.657516, -0.688717, -0.094884
-1.14652, 1.82598, -20.1047, -0.62684, -0.637461, -0.10123
-1.22605, 1.89636, -20.6089, -0.62765, -0.647829, -0.137656
-1.16395, 2.04088, -20.9113, -0.769223, -0.570811, -0.175451
-1.23401, 2.13004, -20.9297, -0.879308, -0.550199, -0.074349
-1.29985, 2.17762, -21.0277, -0.913619, -0.529811, -0.040376
-1.19692, 2.272, -21.2443, -0.968394, -0.428035, -0.042928
-1.19198, 2.28025, -21.3478, -0.987701, -0.471983, 0.008433
-1.33201, 2.2745, -21.2337, -0.98066, -0.621165, 0.03463
